10000
0.749448
0.492335
0.609009
0.189048
0.984368
0.946798
0.528199
0.824104
0.639373
0.98488
0.521324
0.0212797
0.268096
0.808678
0.914432
0.614759
0.992708
0.286634
0.400781
0.187602
0.901937
0.646265
0.119857
0.997135
0.954727
0.684486
0.425623
0.342482
0.831942
0.0284159
0.103016
0.581391
0.520751
0.712026
0.770438
0.505119
0.658824
0.298638
0.329222
0.298197
0.283517
0.850546
0.319477
0.551613
0.659224
0.233908
0.166372
0.651932
0.520543
0.567154
0.839534
0.42248
0.213418
0.959391
0.419615
0.168146
0.643877
0.845238
0.510628
0.47582
0.873653
0.613645
0.0572103
0.394404
0.32567
0.827649
0.899523
0.984494
0.126286
0.228745
0.282691
0.409804
0.0792913
0.602168
0.961417
0.738515
0.836076
0.12779
0.390447
0.356618
0.694943
0.229982
0.779098
0.908362
0.189373
0.198713
0.0765075
0.83325
0.0439505
0.587136
0.30907
0.917604
0.20078
0.36628
0.312008
0.526451
0.193929
0.211531
0.510945
0.320215
0.440276
0.793636
0.730019
0.519567
0.395803
0.691436
0.258082
0.231879
0.819226
0.64853
0.588498
0.514169
0.878512
0.367596
0.422531
0.0678845
0.566309
0.499038
0.901135
0.61026
0.0861742
0.210205
0.527864
0.286955
0.576485
0.839872
0.813405
0.770414
0.0514023
0.32435
0.0906294
0.491678
0.117986
0.820649
0.0112451
0.513789
0.512085
0.269328
0.745668
0.331311
0.917857
0.334166
0.84548
0.796369
0.701762
0.268011
0.864254
0.268071
0.76705
0.765388
0.87833
0.853224
0.975593
0.406194
0.140179
0.552078
0.246065
0.953584
0.322492
0.297468
0.277934
0.413122
0.789146
0.39592
0.23377
0.800391
0.909709
0.745855
0.0697186
0.655377
0.0771662
0.987576
0.989543
0.922647
0.783945
0.691305
0.190658
0.648198
0.959376
0.957708
0.413587
0.837706
0.810932
0.38918
0.2439
0.951111
0.941258
0.489966
0.904694
0.26375
0.787433
0.182628
0.676872
0.576579
0.578548
0.910642
0.37697
0.488257
0.656497
0.446689
0.143635
0.733663
0.434265
0.133178
0.65631
0.21821
0.824483
0.846968
0.866408
0.783858
0.804676
0.279995
0.621565
0.615608
0.669175
0.865465
0.566718
0.610433
0.35543
0.471413
0.874183
0.142864
0.654041
0.551054
0.719443
0.232589
0.461696
0.096413
0.720847
0.118193
0.543102
0.864481
0.851856
0.977367
0.997659
0.508166
0.195576
0.822142
0.355134
0.0619842
0.606
0.159809
0.341979
0.227565
0.775417
0.0111537
0.0930293
0.342135
0.621586
0.44846
0.813548
0.495769
0.591323
0.467589
0.0468232
0.310766
0.700178
0.508519
0.407179
0.421024
0.626712
0.950281
0.285505
0.478568
0.927647
0.283164
0.986734
0.123223
0.105306
0.341868
0.185208
0.711306
0.501677
0.527187
0.938871
0.277094
0.53834
0.0318999
0.619229
0.159927
0.480359
0.432777
0.655696
0.0716825
0.900365
0.702519
0.382448
0.600543
0.211038
0.789627
0.0215676
0.83775
0.739908
0.307073
0.316318
0.667555
0.590237
0.303052
0.790779
0.695543
0.64492
0.975986
0.406849
0.146597
0.503173
0.34572
0.423692
0.041513
0.377619
0.042921
0.20144
0.857979
0.475698
0.857135
0.929661
0.376063
0.559654
0.31211
0.976607
0.770692
0.101737
0.998174
0.608442
0.841645
0.305247
0.92476
0.5092
0.895485
0.227813
0.299979
0.591028
0.872733
0.275965
0.997877
0.0193303
0.779137
0.343596
0.443022
0.82065
0.721216
0.485943
0.0220901
0.579195
0.961641
0.879225
0.508856
0.337704
0.438879
0.820966
0.314311
0.209571
0.922703
0.312485
0.818013
0.764348
0.617732
0.742774
0.273548
0.513217
0.970586
0.573527
0.104245
0.843319
0.849492
0.102122
0.862649
0.628629
0.445718
0.305671
0.44928
0.166934
0.791614
0.47137
0.746129
0.753255
0.350595
0.254985
0.0909595
0.789475
0.075951
0.40527
0.999046
0.998654
0.717755
0.817059
0.763002
0.335488
0.559833
0.0365504
0.848705
0.530419
0.610077
0.952949
0.373738
0.459569
0.0550708
0.236387
0.0881982
0.500789
0.542059
0.537478
0.667723
0.333673
0.00884736
0.413852
0.086928
0.359442
0.668837
0.177888
0.148917
0.744788
0.583158
0.147963
0.743442
0.300913
0.965022
0.506444
0.636401
0.524855
0.542994
0.485106
0.0552744
0.153071
0.438055
0.429012
0.612641
0.493126
0.6654
0.700839
0.993915
0.207458
0.238316
0.661637
0.541131
0.247164
0.075489
0.628059
0.606606
0.744326
0.805947
0.755523
0.489113
0.389105
0.903486
0.232555
0.690018
0.868508
0.738998
0.326419
0.393364
0.281993
0.811525
0.448638
0.435064
0.24958
0.877651
0.0477046
0.742706
0.54305
0.748543
0.736621
0.750509
0.98686
0.398258
0.29164
0.234023
0.473747
0.919699
0.84063
0.218073
0.725645
0.596153
0.707186
0.11475
0.499639
0.939741
0.804768
0.368147
0.678739
0.131188
0.761511
0.960732
0.942713
0.210149
0.395796
0.192293
0.0877994
0.4435
0.935
0.63085
0.192044
0.67162
0.381358
0.178903
0.0698788
0.672998
0.412927
0.543626
0.592697
0.253556
0.761699
0.318342
0.849709
0.468885
0.433092
0.349348
0.408626
0.237861
0.717495
0.0873647
0.369048
0.479006
0.0480964
0.311761
0.689155
0.443892
0.504055
0.776954
0.887393
0.439054
0.407804
0.0794363
0.110675
0.789162
0.25834
0.180554
0.46216
0.671266
0.72418
0.0548564
0.924823
0.485879
0.373198
0.774531
0.954763
0.806291
0.123879
0.363389
0.0441511
0.841374
0.450754
0.413199
0.32038
0.49885
0.724961
0.00953461
0.942742
0.229016
0.786489
0.830135
0.66807
0.194293
0.909571
0.778745
0.983455
0.167911
0.959298
0.445614
0.839177
0.683478
0.500471
0.764
0.169357
0.873669
0.538531
0.12412
0.67996
0.66241
0.487509
0.724111
0.503784
0.938263
0.13731
0.824164
0.437113
0.862271
0.833699
0.379855
0.0912869
0.620188
0.20999
0.759357
0.81448
0.119561
0.538102
0.797935
0.287472
0.4974
0.243549
0.126649
0.180878
0.74402
0.890648
0.350235
0.617689
0.429179
0.474355
0.297649
0.0915896
0.961864
0.0217601
0.595374
0.900127
0.159071
0.419538
0.33724
0.0213418
0.253237
0.717095
0.112629
0.873424
0.927085
0.871985
0.687905
0.0466463
0.410087
0.485839
0.334118
0.907487
0.729389
0.460767
0.0883658
0.473409
0.351415
0.438601
0.0910981
0.780595
0.912956
0.388747
0.872185
0.874821
0.410507
0.467558
0.774948
0.569578
0.887097
0.112188
0.59092
0.140334
0.829283
0.703548
0.013758
0.756368
0.575534
0.701663
0.803014
0.985621
0.187502
0.137133
0.893109
0.916891
0.5979
0.981474
0.3903
0.949315
0.420075
0.481398
0.72991
0.333031
0.870145
0.602095
0.207852
0.280653
0.0696531
0.9828
0.850231
0.95675
0.0949876
0.44115
0.0970833
0.924271
0.144699
0.110841
0.680639
0.720233
0.812504
0.483653
0.705854
6.13276e-06
0.620786
0.598962
0.916897
0.218685
0.580437
0.307196
0.168001
0.000511934
0.788594
0.897911
0.333543
0.658739
0.500005
0.541395
0.939392
0.569658
0.524195
0.789622
0.526408
0.619183
0.230772
0.623491
0.543453
0.375471
0.734333
0.224092
0.0957037
0.546837
0.707745
0.801557
0.546843
0.328531
0.40052
0.46374
0.547217
0.980956
0.770936
0.715217
0.981468
0.55953
0.613128
0.315012
0.218269
0.113133
0.856407
0.157661
0.682791
0.380602
0.947283
0.209199
0.999785
0.178056
0.832691
0.543238
0.553527
0.567024
0.76733
0.649231
0.11386
0.475076
0.450788
0.660703
0.803607
0.851308
0.124443
0.350823
0.832264
0.895379
0.0660405
0.813732
0.454909
0.679168
0.128744
0.673179
0.792301
0.985151
0.83084
0.475093
0.365753
0.778123
0.684292
0.365538
0.956179
0.516983
0.908776
0.509706
0.0840066
0.676107
0.158937
0.197867
0.151182
0.609725
0.85857
0.954789
0.461033
0.983013
0.305612
0.293297
0.878392
0.371653
0.107029
0.333302
0.0508212
0.235773
0.00648051
0.843122
0.220923
0.837321
0.318215
0.586676
0.615444
0.00250737
0.952214
0.571623
0.51949
0.86099
0.0813297
0.603497
0.537097
0.240267
0.801364
0.688279
0.849992
0.659934
0.643068
0.311025
0.642947
0.948681
0.604322
0.521339
0.320333
0.711351
0.854641
0.371155
0.947123
0.861121
0.214277
0.168047
0.698442
0.532492
0.754723
0.313886
0.535
0.706937
0.885509
0.0544901
0.567927
0.966839
0.657987
0.105024
0.207106
0.459351
0.793303
0.0570977
0.119285
0.436371
0.368123
0.762232
0.385052
0.972444
0.283571
0.705385
0.683795
0.138212
0.07654
0.630918
0.999333
0.290817
0.798965
0.697775
0.823309
0.553688
0.0116608
0.358309
0.260625
0.89717
0.412799
0.828552
0.864009
0.0707864
0.933577
0.0711149
0.530138
0.72688
0.128213
0.649423
0.163251
0.496335
0.411655
0.548303
0.468779
0.695226
0.253689
0.152574
0.833438
0.330229
0.783492
0.832771
0.621046
0.582457
0.530546
0.444355
0.136145
0.542207
0.802664
0.39677
0.439377
0.215464
0.225323
0.303386
0.28625
0.158899
0.374501
0.816388
0.885779
0.502714
0.46581
0.0490304
0.999049
0.877465
0.597334
0.467828
0.572691
0.851022
0.620402
0.40613
0.181251
0.403895
0.238901
0.802297
0.986352
0.769447
0.246652
0.122497
0.311654
0.0493166
0.519268
0.75103
0.26478
0.74459
0.0544163
0.55103
0.903489
0.428917
0.367418
0.789268
0.931631
0.833228
0.838299
0.93068
0.710694
0.435633
0.398508
0.283385
0.286655
0.0189103
0.689515
0.467906
0.422805
0.928415
0.270203
0.409157
0.697862
0.516855
0.531655
0.00951564
0.566171
0.0509222
0.760546
0.830952
0.795512
0.814962
0.381982
0.699002
0.243879
0.7494
0.48827
0.17551
0.582629
0.326569
0.10619
0.293323
0.762202
0.504698
0.576708
0.0488565
0.523608
0.266222
0.516762
0.946413
0.194638
0.786965
0.35557
0.8925
0.30382
0.887225
0.902016
0.869991
0.938147
0.662562
0.700943
0.73366
0.477524
0.0829251
0.432661
0.721403
0.832325
0.920932
0.896913
0.414954
0.247501
0.00310313
0.708277
0.00970239
0.507801
0.284984
0.0585589
0.0314084
0.551207
0.575321
0.977821
0.745845
0.362286
0.333392
0.638344
0.666106
0.220616
0.54036
0.536097
0.158764
0.202921
0.23704
0.892423
0.680445
0.319965
0.325084
0.401849
0.15229
0.246016
0.298762
0.567244
0.493517
0.301865
0.275521
0.503219
0.809666
0.560506
0.561778
0.841074
0.111712
0.137099
0.818895
0.857557
0.499385
0.152287
0.495901
0.165491
0.372903
0.0362613
0.701587
0.531667
0.239183
0.938627
0.42409
0.919628
0.258592
0.749175
0.321477
0.410882
0.995191
0.620238
0.978126
0.488707
0.922104
0.253647
0.991926
0.731769
0.814153
0.553704
0.572843
0.925865
0.690803
0.391739
0.783422
0.190189
0.544026
0.279324
0.355679
0.916929
0.315585
0.0572667
0.448596
0.554768
0.995894
0.872686
0.474396
0.254486
0.621861
0.795872
0.665367
0.617052
0.416111
0.643494
0.105759
0.338215
0.897141
0.0976853
0.0699837
0.711294
0.65139
0.642827
0.63716
0.342193
0.0345658
0.420582
0.532382
0.578591
0.699906
0.888061
0.495521
0.0154907
0.945328
0.944117
0.570258
0.941221
0.816803
0.0446543
0.195707
0.438664
0.840527
0.861074
0.055716
0.256638
0.504568
0.161475
0.594852
0.401709
0.25916
0.664836
0.113004
0.91055
0.307663
0.750163
0.252743
0.342229
0.170745
0.785124
0.92082
0.870651
0.673185
0.416341
0.886142
0.618513
0.360458
0.4564
0.559734
0.177261
0.501054
0.755441
0.615926
0.341581
0.616515
0.671642
0.598219
0.121083
0.833117
0.193071
0.522793
0.0922768
0.857907
0.635796
0.00282669
0.16557
0.38596
0.25557
0.507799
0.556705
0.040694
0.428619
0.427356
0.713879
0.84496
0.313498
0.332392
0.205418
0.769898
0.892126
0.382679
0.270952
0.647567
0.998605
0.612533
0.264083
0.670246
0.210752
0.385166
0.503363
0.403823
0.907959
0.59564
0.261731
0.543755
0.598467
0.427301
0.929715
0.854036
0.9351
0.48642
0.89473
0.363719
0.913776
0.608609
0.208679
0.227273
0.941001
0.414097
0.997171
0.833128
0.796777
0.268123
0.480695
0.795381
0.880656
0.744777
0.465628
0.0914083
0.129943
0.968991
0.495232
0.0379023
0.564631
0.756962
0.581657
0.163097
0.184263
0.511372
0.0171332
0.119363
0.997792
0.911863
0.483082
0.911568
0.520473
0.691761
0.138841
0.461474
0.105858
0.136012
0.294602
0.902635
0.404135
0.775296
0.698016
0.284791
0.520074
0.163644
0.376199
0.650017
0.132635
0.871431
0.68792
0.697265
0.628393
0.269577
0.860362
0.812656
0.780949
0.877496
0.932018
0.778741
0.789359
0.4151
0.690309
0.309832
0.106861
0.82915
0.771306
0.212719
0.965161
0.065907
0.115354
0.369296
0.841203
0.81337
0.654087
0.361277
0.977014
0.0302856
0.0112942
0.109649
0.901716
0.699214
0.806914
0.530109
0.968791
0.667277
0.342764
0.74974
0.544773
0.274783
0.528481
0.334132
0.689882
0.21879
0.643963
0.796743
0.04794
0.415269
0.00946269
0.0131014
0.481176
0.124817
0.382397
0.322379
0.938187
0.0364841
0.683656
0.915201
0.0667696
0.69495
0.0248505
0.968486
0.394164
0.831765
0.498594
0.362955
0.499042
0.841359
0.112695
0.0438144
0.116141
0.641176
0.377946
0.806024
0.859966
0.0219089
0.602767
0.907906
0.437178
0.61223
0.921008
0.918353
0.737047
0.303405
0.240732
0.675234
0.339889
0.924388
0.590435
0.406659
0.619338
0.615286
0.375144
0.013502
0.447051
0.873739
0.376457
0.946092
0.715098
0.489151
0.989907
0.831239
0.130327
0.367853
0.637263
0.990293
0.389762
0.24003
0.8982
0.826939
0.85226
0.819207
0.745292
0.589307
0.122612
0.986024
0.26454
0.462501
0.910412
0.854976
0.86916
0.52975
0.470261
0.244305
0.543252
0.917312
0.118043
0.919709
0.863405
0.833141
0.40886
0.853312
0.66438
0.539188
0.221164
0.301643
0.529481
0.610926
0.541673
0.427681
0.437865
0.393932
0.246888
0.183157
0.983239
0.3695
0.169182
0.247779
0.832002
0.0795938
0.102755
0.701162
0.609344
0.573017
0.945467
0.152596
0.490329
0.0635101
0.0723055
0.353733
0.896651
0.481166
0.207045
0.561031
0.0203533
0.428209
0.862674
0.549834
0.0391351
0.404346
0.977515
0.477
0.798279
0.224403
0.660157
0.781518
0.593903
0.829339
0.029297
0.425905
0.908933
0.132052
0.127067
0.518277
0.705069
0.0725339
0.670873
0.195397
0.136044
0.743179
0.549131
0.0326951
0.224345
0.756176
0.593726
0.244698
0.184385
0.4564
0.794532
0.22352
0.860746
0.772047
0.70052
0.659025
0.996451
0.360678
0.440542
0.590354
0.190017
0.46984
0.0162593
0.0989496
0.601892
0.143327
0.617226
0.30696
0.215861
0.2881
0.502358
0.351904
0.0312787
0.0514885
0.3846
0.255623
0.807664
0.978326
0.500321
0.992049
0.434726
0.294854
0.215569
0.295472
0.0669012
0.91609
0.954497
0.0633517
0.276768
0.395039
0.653706
0.466784
0.864879
0.669965
0.565734
0.46677
0.813292
0.18296
0.77373
0.0291522
0.47106
0.276088
0.381057
0.502339
0.327577
0.765656
0.757962
0.135241
0.743982
0.258284
0.12729
0.178708
0.553137
0.34286
0.474179
0.620039
0.25895
0.428676
0.68339
0.535717
0.823715
0.337096
0.0025014
0.688593
0.00706118
0.568235
0.155364
0.820353
0.751196
0.929094
0.849505
0.222256
0.205182
0.230562
0.724595
0.532759
0.996218
0.482557
0.668
0.7402
0.74084
0.79529
0.918908
0.293978
0.13815
0.393087
0.914016
0.3971
0.821763
0.597407
0.932817
0.645477
0.934503
0.935318
0.334071
0.941564
0.503554
0.489434
0.761917
0.254749
0.418529
0.611422
0.477005
0.623711
0.841984
0.201599
0.15647
0.838202
0.684156
0.82447
0.578402
0.424997
0.61976
0.49731
0.718974
0.75791
0.890396
0.632991
0.15501
0.712159
0.230398
0.0878272
0.357636
0.164901
0.0231456
0.691707
0.106465
0.526699
0.181142
0.868382
0.781448
0.59967
0.479804
0.258453
0.223381
0.321787
0.460052
0.379851
0.159989
0.144209
0.20432
0.738391
0.569205
0.824081
0.235701
0.28818
0.581991
0.126097
0.921171
0.737001
0.838256
0.151568
0.824829
0.195892
0.316469
0.847974
0.8876
0.422933
0.374673
0.0687412
0.291315
0.156122
0.668411
0.771119
0.414575
0.891792
0.0929061
0.874627
0.271643
0.252895
0.0188355
0.475963
0.991287
0.588041
0.300044
0.226988
0.87622
0.882035
0.353085
0.797391
0.619036
0.191341
0.948959
0.443865
0.387233
0.265428
0.291839
0.274833
0.688362
0.666512
0.343574
0.979677
0.822634
0.0119855
0.750795
0.237208
0.903778
0.843701
0.111835
0.175421
0.0965968
0.130671
0.651384
0.0878836
0.718712
0.951428
0.314871
0.594932
0.833463
0.667956
0.392323
0.452499
0.859297
0.341282
0.896364
0.246531
0.60671
0.188203
0.521364
0.295072
0.854715
0.864938
0.274748
0.677349
0.876924
0.0255434
0.914557
0.780701
0.869245
0.0263927
0.956122
0.965841
0.157064
0.607506
0.053725
0.875775
0.558933
0.368596
0.470707
0.392396
0.0365528
0.86303
0.844895
0.89585
0.204312
0.741259
0.142381
0.811022
0.929462
0.663745
0.106094
0.784177
0.528683
0.380842
0.461525
0.405607
0.406385
0.376083
0.186308
0.27563
0.402475
0.14243
0.241471
0.559539
0.749936
0.295196
0.435314
0.308869
0.663793
0.906022
0.701265
0.700346
0.769052
0.546161
0.596196
0.973364
0.28742
0.738577
0.784386
0.216882
0.402323
0.89048
0.00105832
0.931006
0.271322
0.462584
0.336613
0.677707
0.838667
0.522921
0.953337
0.241142
0.665352
0.194809
0.800681
0.415287
0.490005
0.235996
0.724157
0.153798
0.142017
0.425422
0.854144
0.911069
0.971583
0.45034
0.884434
0.259003
0.188917
0.66882
0.475884
0.591239
0.5593
0.476943
0.522245
0.830622
0.939526
0.858858
0.50833
0.778193
0.38178
0.461667
0.0193348
0.0471312
0.656476
0.820016
0.462419
0.146481
0.0560113
0.186575
0.300279
0.198029
0.611997
0.154423
0.109098
0.58358
0.604762
0.993532
0.842583
0.793679
0.662352
0.318467
0.384919
0.221652
0.79541
0.907164
0.0522743
0.734936
0.766023
0.560604
0.513129
0.147802
0.0222714
0.532464
0.194934
0.678747
0.352479
0.657352
0.825229
0.408491
0.843927
0.125508
0.606519
0.455924
0.27993
0.715618
0.0395046
0.884693
0.709149
0.882087
0.678372
0.371501
0.200554
0.0632913
0.593153
0.995964
0.970456
0.645427
0.7309
0.736478
0.206031
0.244029
0.884281
0.228303
0.776492
0.0792141
0.90705
0.128972
0.736566
0.732279
0.537462
0.580493
0.857786
0.143982
0.0364177
0.137717
0.859599
0.0759223
0.0224097
0.568748
0.95801
0.700782
0.940249
0.158564
0.764073
0.533402
0.154528
0.734529
0.178829
0.885428
0.471007
0.38486
0.129456
0.355288
0.613163
0.905948
0.434502
0.520213
0.0349197
0.171068
0.252492
0.572382
0.751561
0.110278
0.716364
0.787979
0.247995
0.575963
0.863901
0.270405
0.144712
0.821911
0.971187
0.0849609
0.980475
0.735261
0.618363
0.135003
0.46979
0.797192
0.0204303
0.940797
0.182053
0.149886
0.296085
0.795216
0.0558345
0.730587
0.315429
0.0907543
0.901655
0.567921
0.663136
0.653216
0.6782
0.3795
0.441195
0.926195
0.955463
0.305096
0.1966
0.100175
0.127007
0.167787
0.185136
0.107482
0.903048
0.803499
0.242485
0.372837
0.600691
0.262915
0.313634
0.782744
0.412801
0.609719
0.577959
0.468636
0.340305
0.893389
0.55939
0.24196
0.46131
0.222526
0.895176
0.139509
0.602027
0.33637
0.0657043
0.55749
0.641466
0.262304
0.657665
0.768473
0.430091
0.842801
0.875955
0.333139
0.646299
0.11844
0.705976
0.24699
0.381355
0.0196101
0.0297338
0.794156
0.629329
0.607693
0.262792
0.969634
0.501082
0.822182
0.211594
0.962391
0.0447086
0.106769
0.101901
0.646735
0.44314
0.167605
0.204225
0.0846059
0.429909
0.86189
0.853079
0.860001
0.70469
0.729035
0.193139
0.350989
0.847475
0.899116
0.59798
0.22883
0.918726
0.627714
0.0229861
0.548054
0.235407
0.285778
0.517688
0.736489
0.10796
0.729282
0.69888
0.152669
0.836051
0.800781
0.799404
0.279191
0.968386
0.00362909
0.363797
0.398295
0.865519
0.216876
0.258296
0.570209
0.945911
0.451435
0.921198
0.793386
0.350551
0.519178
0.0222153
0.269277
0.146892
0.0452014
0.817331
0.382298
0.33098
0.335019
0.118787
0.43894
0.0643017
0.817667
0.591609
0.900353
0.618448
0.391013
0.179544
0.586834
0.394642
0.543341
0.985129
0.260161
0.760217
0.243425
0.83037
0.706128
0.69486
0.751568
0.499513
0.0454108
0.270746
0.521729
0.314687
0.417638
0.56693
0.132018
0.799936
0.89791
0.467038
0.918723
0.33685
0.531339
0.73639
0.928459
0.431693
0.354838
0.319472
0.611237
0.941672
0.714114
0.154577
0.926801
0.974275
0.914794
0.170225
0.804645
0.620922
0.865085
0.556213
0.120436
0.910496
0.826959
0.642164
0.225184
0.244597
0.209094
0.357202
0.0445339
0.107004
0.82424
0.963257
0.443854
0.355579
0.699648
0.372313
0.787272
0.0544859
0.691784
0.398508
0.996158
0.405898
0.553086
0.922958
0.380173
0.46788
0.0931838
0.184818
0.0888024
0.958269
0.741031
0.209238
0.868765
0.567991
0.851402
0.0939488
0.812588
0.0604968
0.451151
0.857122
0.167501
0.27539
0.82038
0.611355
0.63097
0.520027
0.983667
0.418241
0.574513
0.675452
0.81675
0.570671
0.0813499
0.369835
0.493629
0.461523
0.837716
0.586813
0.646342
0.926518
0.545082
0.387373
0.135756
0.413847
0.955364
0.987158
0.507796
0.767952
0.0476552
0.958947
0.625074
0.215156
0.234337
0.445454
0.826511
0.865307
0.965481
0.810178
0.283548
0.539994
0.48563
0.100298
0.110665
0.56698
0.470133
0.604295
0.028503
0.307849
0.191108
0.674845
0.234367
0.73619
0.0622177
0.370123
0.150038
0.0175816
0.357281
0.657834
0.785534
0.404937
0.616781
0.410608
0.620093
0.851118
0.856062
0.446604
0.716425
0.821543
0.256782
0.999973
0.361538
0.742411
0.100271
0.472203
0.309391
0.570404
0.0764981
0.337894
0.878253
0.267606
0.0127385
0.112619
0.00379603
0.0749562
0.482742
0.153834
0.0925378
0.840023
0.811667
0.878072
0.24496
0.428448
0.28868
0.865053
0.279566
0.144742
0.311656
0.995991
0.966285
0.568438
0.995964
0.327823
0.310849
0.0962345
0.800027
0.62024
0.666638
0.876525
0.958134
0.544891
0.144131
0.970873
0.65751
0.147927
0.0458287
0.140252
0.30176
0.138366
0.980276
0.113428
0.016438
0.225236
0.541876
0.305118
0.0902886
0.821442
0.44986
0.401945
0.817433
0.416145
0.970383
0.813396
0.743968
0.281232
0.909631
0.543995
0.901472
0.576269
0.420519
0.859607
0.12116
0.56465
0.830479
0.77867
0.712576
0.876308
0.918923
0.0143365
0.0146743
0.899198
0.127764
0.0311124
0.124434
0.66964
0.33623
0.214723
0.491081
0.78609
0.616668
0.308514
0.202235
0.587051
0.12191
0.946203
0.868283
0.0315413
0.490198
0.769755
0.60781
0.910717
0.629362
0.72897
0.475367
0.459841
0.507641
0.187943
0.336149
0.426563
0.20228
0.350823
0.325761
0.330044
0.381936
0.450196
0.999683
0.718166
0.664919
0.490765
0.504256
0.281586
0.799279
0.70649
0.868637
0.921189
0.652693
0.73692
0.95273
0.142891
0.506676
0.560541
0.0536079
0.136038
0.289511
0.528975
0.595879
0.797152
0.716918
0.932027
0.223715
0.919197
0.282851
0.549476
0.249241
0.664786
0.999672
0.248924
0.382952
0.664591
0.739688
0.887207
0.946177
0.538967
0.593698
0.814814
0.460156
0.246391
0.551735
0.412887
0.389282
0.0584102
0.973427
0.44289
0.194448
0.262939
0.971864
0.790326
0.0600903
0.688782
0.722354
0.283805
0.607979
0.00520449
0.833281
0.85722
0.669991
0.832953
0.106144
0.0529424
0.497544
0.845832
0.94015
0.443721
0.384799
0.533847
0.258535
0.844955
0.780238
0.81027
0.257842
0.16952
0.86868
0.231269
0.61241
0.0631276
0.494208
0.584274
0.853454
0.554298
0.273056
0.575808
0.838103
0.881035
0.581012
0.671384
0.738255
0.251003
0.504338
0.844399
0.303945
0.00188128
0.690231
0.244095
0.445602
0.0750296
0.777942
0.704137
0.919985
0.558181
0.514407
0.177827
0.727701
0.383086
0.409096
0.340111
0.446214
0.903304
0.924385
0.299668
0.457602
0.197442
0.875476
0.295705
0.0784769
0.456489
0.967089
0.816732
0.707492
0.471427
0.661131
0.0114371
0.473308
0.351361
0.255532
0.91891
0.426391
0.0334747
0.623047
0.346376
0.591655
0.137453
0.524202
0.319356
0.52054
0.933298
0.659467
0.966754
0.836602
0.583852
0.266422
0.294203
0.781294
0.141898
0.589908
0.859771
0.598386
0.556997
0.676503
0.305878
0.0284234
0.337633
0.317315
0.501731
0.688995
0.572847
0.420641
0.115385
0.606322
0.0436882
0.461761
0.197977
0.181142
0.985963
0.517334
0.701681
0.919261
0.176801
0.668435
0.755863
0.760653
0.934857
0.0500658
0.541947
0.0767546
0.639974
0.401718
0.675141
0.19697
0.0782213
0.981019
0.225394
0.415855
0.298334
0.727125
0.104849
0.871181
0.147766
0.220235
0.477503
0.191455
0.681995
0.675481
0.372596
0.667959
0.192814
0.0742774
0.58722
0.369615
0.742712
0.343082
0.130269
0.677569
0.393148
0.672216
0.754324
0.0331217
0.0739343
0.429465
0.230092
0.152156
0.410484
0.455486
0.56801
0.708818
0.182611
0.67286
0.579999
0.330377
0.893094
0.0575028
0.521832
0.57509
0.732984
0.894428
0.243048
0.925798
0.968705
0.830268
0.295413
0.711418
0.17335
0.425682
0.388987
0.566499
0.0978979
0.143311
0.59962
0.171832
0.572776
0.829712
0.323988
0.98326
0.285198
0.891998
0.692078
0.467809
0.564858
0.272077
0.798186
0.457953
0.32958
0.320018
0.0330423
0.0625638
0.214445
0.276091
0.988362
0.183151
0.106359
0.283775
0.894568
0.279709
0.709457
0.283555
0.846208
0.807355
0.426867
0.445828
0.979187
0.999643
0.27554
0.303175
0.982903
0.560738
0.195174
0.674981
0.0285467
0.760032
0.947058
0.826733
0.217984
0.276638
0.14675
0.251027
0.339202
0.361196
0.527117
0.327564
0.544347
0.633476
0.611339
0.438915
0.913185
0.320796
0.72247
0.759393
0.128151
0.149337
0.20522
0.107339
0.14898
0.48076
0.410514
0.131882
0.0414983
0.605687
0.806863
0.070045
0.365719
0.753921
0.896778
0.583703
0.0305587
0.0435281
0.83473
0.369761
0.404724
0.361847
0.697324
0.94907
0.995323
0.308663
0.387985
0.908508
0.629459
0.110456
0.667901
0.757611
0.259793
0.873122
0.864949
0.408772
0.353882
0.275463
0.540654
0.39538
0.88115
0.347517
0.465425
0.24687
0.101438
0.362203
0.830573
0.131996
0.405731
0.665303
0.501757
0.810455
0.0271506
0.199081
0.759525
0.022474
0.507745
0.147511
0.930982
0.137204
0.257967
0.598884
0.894815
0.517759
0.472005
0.759764
0.926532
0.825887
0.0352269
0.467186
0.221267
0.916377
0.814703
0.686693
0.163247
0.916141
0.0488955
0.99382
0.0481368
0.454626
0.659123
0.549894
0.265081
0.686274
0.748975
0.0246067
0.708748
0.256719
0.172117
0.63973
0.393924
0.430084
0.238614
0.288738
0.947843
0.710619
0.0485021
0.874375
0.536506
0.083729
0.341561
0.757773
0.000106367
0.156264
0.444466
0.163353
0.0724047
0.493361
0.157173
0.120541
0.947988
0.816297
0.670435
0.213069
0.502571
0.41941
0.237676
0.211319
0.676129
0.409793
0.851049
0.0700529
0.839877
0.0896631
0.358791
0.787721
0.800282
0.407293
0.662095
0.336788
0.491022
0.0036565
0.0945616
0.491129
0.159921
0.539028
0.654482
0.232325
0.0323889
0.811656
0.352867
0.980377
0.627952
0.0233019
0.193446
0.130523
0.442712
0.431122
0.341842
0.118841
0.840915
0.192891
0.188894
0.680793
0.282554
0.547685
0.468513
0.082836
0.954979
0.130609
0.419624
0.446001
0.134265
0.514186
0.93713
0.294186
0.0532134
0.591612
0.526511
0.0856023
0.403267
0.879378
0.065979
0.0312197
0.90268
0.259425
0.161743
0.345392
0.690547
0.503584
0.464233
0.531462
0.696475
0.653127
0.212255
0.979029
0.200812
0.680768
0.0618649
0.155791
0.811377
0.481489
0.601792
0.945642
0.995675
0.538922
0.239828
0.0488885
0.130534
0.766339
0.134491
0.533801
0.645717
0.20047
0.565021
0.548396
0.459895
0.726764
0.893788
0.150442
0.230348
0.358021
0.681904
0.926823
0.0111478
0.894158
0.905852
0.21196
0.574926
0.967717
0.367751
0.386303
0.449206
0.969543
0.331945
0.444881
0.508465
0.571773
0.49377
0.638999
0.338111
0.62826
0.172801
0.983828
0.82873
0.737822
0.532224
0.288625
0.464585
0.426012
0.439066
0.694934
0.784033
0.12097
0.621757
0.795181
0.0151285
0.527609
0.00714077
0.590055
0.495326
0.374892
0.976358
0.944532
0.344435
0.308303
0.389413
0.852901
0.880076
0.883183
0.4919
0.218187
0.511443
0.6647
0.202015
0.340174
0.402522
0.734239
0.628798
0.867107
0.160251
0.0678646
0.562041
0.944284
0.188835
0.183798
0.739465
0.203963
0.711407
0.746605
0.794018
0.206733
0.121497
0.770376
0.151265
0.465933
0.0786792
0.540678
0.318833
0.958755
0.423861
0.810733
0.176942
0.935304
0.475433
0.378956
0.275478
0.877955
0.113195
0.904276
0.745063
0.273446
0.972141
0.307104
0.21773
0.160976
0.490901
0.957195
0.364939
0.202308
0.7038
0.158957
0.40904
0.825297
0.929333
0.560305
0.29123
0.00801194
0.100983
0.610063
0.966767
0.524844
0.420796
0.143708
0.460148
0.89623
0.522665
0.735626
0.774185
0.63586
0.639903
0.519248
0.909307
0.612043
0.826351
0.127037
0.773019
0.317253
0.0842319
0.137958
0.51956
0.788032
0.296914
0.928601
0.61333
0.226247
0.488906
0.90456
0.234259
0.589889
0.514623
0.201026
0.114732
0.935419
0.344734
0.574881
0.831649
0.867399
0.310507
0.605834
0.503259
0.950409
0.125082
0.412566
0.562453
0.951433
0.539603
0.335472
0.268686
0.623835
0.47343
0.788246
0.411867
0.770344
0.716847
0.0251968
0.996591
0.205752
0.929756
0.23085
0.795641
0.444379
0.431876
0.910373
0.379798
0.77661
0.485254
0.211447
0.644009
0.795761
0.817281
0.147269
0.74617
0.942362
0.559835
0.308623
0.893795
0.0994384
0.644095
0.162481
0.723274
0.117525
0.950727
0.135141
0.887869
0.667574
0.160338
0.88446
0.873326
0.0900939
0.115311
0.668967
0.534473
0.547187
0.57934
0.914271
0.323797
0.0645942
0.125718
0.967806
0.860355
0.942999
0.115075
0.606525
0.885361
0.67491
0.915149
0.779156
0.774349
0.559244
0.941637
0.497622
0.676769
0.892364
0.632763
0.564638
0.559938
0.793101
0.449099
0.433264
0.883195
0.564409
0.102231
0.417668
0.111596
0.681571
0.331939
0.435392
0.746165
0.457657
0.403199
0.60652
0.400656
0.518274
0.213045
0.286017
0.193184
0.128194
0.0651732
0.967533
0.687438
0.00681041
0.465155
0.364207
0.899175
0.0979183
0.928846
0.459112
0.891019
0.377944
0.892376
0.774214
0.942353
0.994607
0.191882
0.0539489
0.676178
0.52382
0.489341
0.422343
0.981477
0.89254
0.0288627
0.382133
0.410814
0.241908
0.66815
0.603998
0.370102
0.733323
0.571531
0.0575408
0.740134
0.036686
0.421748
0.639308
0.134604
0.350594
0.0984205
0.0256234
0.728538
0.990797
0.799837
0.670892
0.985403
0.991719
0.72484
0.661581
0.515539
0.214182
0.0839236
0.497017
0.106722
0.112786
0.87915
0.517535
0.354694
0.5473
0.121533
0.724797
0.280623
0.693064
0.782338
0.0207565
0.72975
0.204086
0.660065
0.864354
0.55468
0.758485
0.889978
0.283218
0.749282
0.689815
0.95411
0.734685
0.681534
0.67895
0.396266
0.197073
0.893132
0.48019
0.69409
0.999853
0.592976
0.57324
0.517388
0.94767
0.120539
0.638922
0.672467
0.401162
0.331986
0.454805
0.421919
0.0617359
0.658891
0.0819833
0.92609
0.21357
0.840468
0.816068
0.496789
0.58975
0.505883
0.450898
0.324435
0.187417
0.129848
0.720701
0.38449
0.0229796
0.20089
0.0785802
0.0228328
0.793866
0.65182
0.540221
0.741536
0.772359
0.179143
0.414004
0.173521
0.511129
0.868808
0.59544
0.572865
0.527699
0.677423
0.498955
0.741269
0.517892
0.315023
0.238058
0.107642
0.820907
0.688956
0.432077
0.00832424
0.818804
0.152778
0.392815
0.841784
0.353668
0.471395
0.864616
0.147535
0.123215
0.404838
0.889071
0.895574
0.583981
0.303074
0.0690949
0.0951095
0.171883
0.664535
0.667974
0.699582
0.341958
0.166929
0.440851
0.85985
0.481953
0.678909
0.967492
0.30286
0.367865
0.399569
0.311184
0.186669
0.552346
0.703999
0.0284524
0.906015
0.175393
0.893069
0.0535491
0.298608
0.297907
0.94262
0.194182
0.881887
0.245695
0.263276
0.976997
0.417577
0.927811
0.644971
0.117159
0.26977
0.8119
0.55801
0.129619
0.293853
0.236919
0.0971112
0.596712
0.604784
0.49668
0.907896
0.791453
0.0490261
0.611895
0.819905
0.955041
0.787288
0.712974
0.00858977
0.0858962
0.0108804
0.95121
0.280078
0.892768
0.196904
0.543354
0.869764
0.614482
0.471166
0.514735
0.731641
0.740935
0.326636
0.289651
0.870555
0.620489
0.52657
0.967666
0.217201
0.131353
0.464345
0.125097
0.922806
0.513371
0.736992
0.742711
0.468412
0.52428
0.455685
0.477002
0.610176
0.466565
0.428212
0.890254
0.359333
0.625116
0.433608
0.229097
0.239598
0.904774
0.743832
0.971239
0.645709
0.0704681
0.260889
0.516264
0.690957
0.787459
0.483929
0.908158
0.918812
0.948275
0.033255
0.841618
0.461646
0.770247
0.584329
0.930058
0.294527
0.0400139
0.40706
0.904704
0.506579
0.835272
0.794958
0.865912
0.460388
0.228567
0.0950087
0.699986
0.133341
0.838841
0.671224
0.77905
0.909309
0.932114
0.295314
0.600266
0.719573
0.779243
0.508424
0.638385
0.727518
0.541679
0.480003
0.189164
0.311926
0.0643326
0.119222
0.606453
0.104346
0.526283
0.511157
0.610925
0.361555
0.306115
0.476837
0.821943
0.534682
0.571846
0.521929
0.668023
0.410687
0.193153
0.447073
0.319996
0.125267
0.742386
0.920262
0.84484
0.521629
0.428685
0.483225
0.249147
0.970364
0.963228
0.438311
0.28229
0.0275607
0.557533
0.888743
0.131907
0.0838161
0.3999
0.742833
0.445371
0.706015
0.219669
0.267314
0.240697
0.791515
0.789242
0.90872
0.202202
0.982395
0.355793
0.522198
0.107662
0.0981793
0.44246
0.952502
0.619809
0.871145
0.435727
0.868956
0.84151
0.398955
0.307267
0.123799
0.426516
0.8648
0.0125421
0.558423
0.948616
0.412442
0.301255
0.393987
0.118457
0.520925
0.661301
0.359155
0.31244
0.450543
0.267875
0.514642
0.432938
0.623668
0.0368401
0.540601
0.721847
0.4793
0.493103
0.341656
0.350446
0.92883
0.210612
0.191955
0.327785
0.517878
0.315754
0.7543
0.382678
0.328296
0.312723
0.331295
0.740739
0.613979
0.725282
0.859196
0.134903
0.386582
0.218351
0.447343
0.837125
0.486226
0.961985
0.270063
0.109894
0.998826
0.810664
0.831741
0.478126
0.303767
0.173397
0.828571
0.232596
0.384009
0.0205265
0.560381
0.901887
0.336281
0.314681
0.284565
0.664577
0.627404
0.61586
0.405316
0.241383
0.341142
0.264512
0.376286
0.727724
0.482863
0.823629
0.564849
0.969089
0.785615
0.834913
0.0789828
0.784441
0.645577
0.910724
0.262566
0.949344
0.0841212
0.0911376
0.18194
0.46813
0.111664
0.742321
0.370017
0.447945
0.0570015
0.654582
0.112522
0.684406
0.270442
0.517838
0.925788
0.611584
0.78235
0.302074
0.339308
0.265213
0.125704
0.904157
0.234302
0.911319
0.73907
0.313285
0.695759
0.384646
0.224009
0.958326
0.33399
0.30813
0.0494633
0.51593
0.77626
0.161127
0.25825
0.146277
0.609072
0.315252
0.800859
0.721595
0.999657
0.0713008
0.239433
0.925446
0.682885
0.0217831
0.22752
0.0221923
0.286996
0.353224
0.926349
0.521298
0.264543
0.665419
0.834583
0.960302
0.0500654
0.058592
0.918628
0.384055
0.366722
0.968091
0.899985
0.142982
0.129218
0.158235
0.289259
0.738291
0.473487
0.0901179
0.459885
0.473145
0.161419
0.699318
0.39859
0.844303
0.721101
0.62611
0.866496
0.00809739
0.979334
0.792845
0.529396
0.243877
0.458264
0.363979
0.204179
0.508329
0.422571
0.122807
0.892385
0.789293
0.0908976
0.79237
0.932275
0.220116
0.950605
0.221534
0.958407
0.424092
0.311652
0.418292
0.897237
0.473071
0.11761
0.295827
0.317374
0.838711
0.921938
0.18387
0.846809
0.901272
0.976715
0.376204
0.145149
0.434978
0.740183
0.349328
0.943308
0.162754
0.472135
0.835692
0.952046
0.563032
0.628062
0.884322
0.783148
0.578667
0.105856
0.741555
0.00275897
0.417508
0.159847
0.899996
0.890579
0.277457
0.195823
0.207953
0.116168
0.117761
0.391823
0.962977
0.0190329
0.368537
0.339181
0.164182
0.803516
0.0793637
0.51351
0.746823
0.242117
0.985644
0.582515
0.194164
0.548677
0.210577
0.0784852
0.331825
0.789244
0.184341
0.0733793
0.792003
0.601849
0.233226
0.691998
0.492428
0.510682
0.887822
0.700381
0.62685
0.00558236
0.0922031
0.589827
0.0246152
0.46074
0.929008
0.188797
0.264256
0.00837141
0.702307
0.0110789
0.250489
0.687951
0.593594
0.444652
0.236628
0.804171
0.523138
0.568453
0.593414
0.707479
0.641832
0.385417
0.309327
0.875058
0.0774154
0.801755
0.38574
0.965237
0.502136
0.0125907
0.970819
0.594339
0.602418
0.995434
0.055079
0.531425
0.184232
0.319335
0.539797
0.886539
0.330414
0.790285
0.57449
0.924008
0.234938
0.811118
0.728179
0.758075
0.379571
0.321593
0.465554
0.0214027
0.70701
0.774881
0.89646
0.784425
0.576636
0.282201
0.749662
0.0787717
0.294791
0.720481
0.67311
0.897209
0.715916
0.728189
0.428634
0.900148
0.0475242
0.968431
0.786686
0.377938
0.758716
0.361176
0.301946
0.993654
0.172294
0.0301243
0.751729
0.551865
0.351717
0.217283
0.573268
0.0587274
0.992164
0.469728
0.843153
0.5688
0.751929
0.592815
0.647572
0.0467202
0.313296
0.320682
0.943929
0.0292123
0.0488718
0.372564
0.92936
0.096396
0.340995
0.716046
0.474334
0.099711
0.0772221
0.77628
0.0933651
0.249516
0.806404
0.845094
0.801381
0.158121
0.0623775
0.374649
0.216849
0.0545417
0.844377
0.0600016
0.623342
0.596306
0.652817
0.270914
0.643026
0.966113
0.591597
0.586955
0.995325
0.640468
0.959519
0.924685
0.736864
0.300513
0.640731
0.211198
0.400224
0.717953
0.987478
0.493589
0.967469
0.793882
0.338684
0.76885
0.952004
0.401061
0.143499
0.168853
0.455603
0.987876
0.228854
0.0789449
0.584182
0.881671
0.349859
0.227207
0.847784
0.941456
0.814162
0.843109
0.581924
0.773681
0.767794
0.318788
0.074194
0.408525
0.529987
0.474418
0.126478
0.517465
0.968007
0.0939469
0.311347
0.306691
0.862797
0.263351
0.707752
0.00629649
0.432204
0.163355
0.994172
0.661058
0.2423
0.578354
0.542729
0.592159
0.805561
0.390512
0.533614
0.619724
0.233621
0.115538
0.393405
0.00141515
0.434327
0.467599
0.40994
0.964314
0.942017
0.536418
0.481779
0.910024
0.630365
0.793126
0.216715
0.493162
0.056477
0.924467
0.499458
0.488681
0.0878217
0.493631
0.149739
0.330121
0.0719849
0.692467
0.92228
0.877546
0.0829798
0.455895
0.49727
0.316601
0.571433
0.890675
0.318016
0.00576002
0.358273
0.727956
0.970074
0.30029
0.264374
0.451852
0.210314
0.894738
0.244978
0.427029
0.3879
0.301455
0.351496
0.887359
0.790136
0.439317
0.38099
0.939875
0.769439
0.452974
0.632342
0.691719
0.330521
0.715322
0.147614
0.827791
0.031923
0.719047
0.718465
0.349939
0.724807
0.0767382
0.0778953
0.694881
0.377028
0.342269
0.146733
0.587342
0.237007
0.391711
0.0143706
0.624908
0.693167
0.365866
0.512267
0.483303
0.805183
0.893256
0.423178
0.574622
0.346231
0.0555202
0.266341
0.676751
0.770842
0.413955
0.504542
0.802765
0.133002
0.223007
0.152704
0.857809
0.299745
0.2306
0.55269
0.676773
0.572869
0.699423
0.264115
0.809876
0.0911345
0.278485
0.434784
0.784301
0.644352
0.947051
0.267604
0.449535
0.840307
0.690782
0.0241574
0.186537
0.746303
0.290499
0.863288
0.517145
0.704454
0.36783
0.31991
0.837456
0.590837
0.472614
0.695265
0.890582
0.703214
0.247955
0.567355
0.276083
0.947378
0.83147
0.0859591
0.0385126
0.109955
0.520743
0.822814
0.754307
0.467794
0.0904184
0.203842
0.308101
0.781201
0.227999
0.494638
0.527503
0.518498
0.357926
0.0446481
0.222952
0.725757
0.364558
0.0604082
0.316594
0.837172
0.755673
0.207175
0.540386
0.0036285
0.77453
0.816469
0.951007
0.606
0.902428
0.989519
0.715956
0.423171
0.812333
0.470262
0.890965
0.902752
0.674104
0.199066
0.683952
0.902104
0.693704
0.211456
0.420602
0.0516305
0.256104
0.643554
0.777387
0.620662
0.703962
0.0939807
0.457834
0.459636
0.301156
0.99822
0.463264
0.0756866
0.814689
0.414271
0.681687
0.717118
0.40379
0.397642
0.140289
0.216123
0.867905
0.0312543
0.118875
0.542009
0.23032
0.802827
0.444113
0.924024
0.0142829
0.864715
0.975655
0.270387
0.508269
0.753042
0.891049
0.212231
0.847023
0.348883
0.671867
0.148179
0.347103
0.135131
0.223865
0.161793
0.549402
0.905552
0.87891
0.953191
0.303195
0.0191993
0.169314
0.171099
0.0504536
0.288189
0.713109
0.280774
0.091016
0.157222
0.204798
0.105299
0.0219367
0.180453
0.375686
0.530206
0.933495
0.266735
0.742437
0.780518
0.615618
0.414304
0.928697
0.962721
0.549435
0.152562
0.124514
0.0988361
0.0581143
0.00342425
0.0520275
0.361309
0.0226235
0.221342
0.532408
0.0730771
0.509531
0.245517
0.353851
0.600547
0.402739
0.558649
0.705846
0.424675
0.739103
0.0815315
0.954881
0.672598
0.348266
0.697318
0.453116
0.963884
0.111622
0.381812
0.926605
0.661056
0.534374
0.0511188
0.759892
0.592488
0.054543
0.81192
0.953797
0.0771665
0.0332617
0.486206
0.150244
0.542793
0.731723
0.504095
0.143339
0.134461
0.0627439
0.849185
0.559137
0.801846
0.930717
0.514018
0.474444
0.278983
0.211336
0.92756
0.242867
0.322957
0.309372
0.169471
0.984013
0.843746
0.22059
0.743906
0.436235
0.275133
0.555825
0.390032
0.3523
0.589087
0.876238
0.502543
0.13188
0.60796
0.00663806
0.275219
0.742422
0.069382
0.124404
0.301558
0.871228
0.055121
0.815576
0.345673
0.334104
0.0269113
0.273232
0.57697
0.349868
0.582604
0.746442
0.333882
0.426351
0.967032
0.0777874
0.862585
0.242165
0.633613
0.252617
0.594465
0.2227
0.128855
0.0970087
0.354579
0.736815
0.103647
0.629798
0.479237
0.173029
0.754203
0.780795
0.0442572
0.809324
0.596371
0.38993
0.143428
0.623282
0.663162
0.720398
0.973151
0.245767
0.46684
0.307032
0.672117
0.433872
0.38482
0.534703
0.676037
0.0184324
0.78732
0.270503
0.241132
0.916175
0.367511
0.595712
0.65299
0.471158
0.22551
0.132227
0.644187
0.979713
0.913022
0.688444
0.789037
0.509392
0.0783738
0.932464
0.132674
0.741536
0.652862
0.105825
0.987303
0.119702
0.412857
0.65942
0.553574
0.797677
0.194123
0.229611
0.816109
0.981443
0.500114
0.0572415
0.897618
0.867625
0.652953
0.550608
0.338783
0.878463
0.682834
0.982969
0.858176
0.595856
0.671413
0.647213
0.105248
0.749787
0.579677
0.237922
0.491323
0.232539
0.343747
0.478626
0.352241
0.756604
0.138046
0.905814
0.554281
0.332169
0.135425
0.37039
0.313612
0.635539
0.427632
0.21123
0.503164
0.080585
0.761837
0.841947
0.959048
0.444672
0.824916
0.817224
0.0405274
0.496329
0.464437
0.145775
0.246116
0.0441138
0.383698
0.737439
0.276653
0.727445
0.216065
0.628893
0.484049
0.354112
0.534708
0.0383302
0.686281
0.670133
0.408721
0.999893
0.305672
0.836352
0.211123
0.808836
0.916937
0.972961
0.650782
0.875986
0.417632
0.475698
0.69321
0.458159
0.972027
0.157647
0.603935
0.218144
0.201761
0.987633
0.955583
0.478413
0.715077
0.171648
0.107306
0.199126
0.52576
0.642014
0.237457
0.212041
0.312147
0.646177
0.211934
0.617819
0.48253
0.423058
0.426655
0.399467
0.396018
0.0774368
0.275453
0.81365
0.553135
0.968663
0.27181
0.525162
0.126309
0.875744
0.743306
0.32807
0.863377
0.698889
0.806484
0.578454
0.870537
0.91379
0.777581
0.396297
0.555804
0.0150374
0.608338
0.867951
0.661215
0.820272
0.48577
0.143744
0.24333
0.912424
0.543211
0.639348
0.989861
0.818664
0.452998
0.542996
0.787326
0.724808
0.0681584
0.913636
0.600552
0.811464
0.241706
0.463929
0.510353
0.0481895
0.0423831
0.38089
0.961979
0.819964
0.777187
0.517784
0.835001
0.385525
0.385734
0.496216
0.205797
0.871504
0.63996
0.449127
0.783928
0.183171
0.0884752
0.773789
0.00183512
0.541473
0.316786
0.789161
0.266281
0.384944
0.702797
0.866833
0.196408
0.944503
0.330762
0.706761
0.992692
0.373145
0.0876511
0.954672
0.193109
0.864838
0.472455
0.0281099
0.250363
0.85819
0.524326
0.45616
0.729694
0.164286
0.905288
0.513622
0.347457
0.993763
0.287412
0.349293
0.535236
0.604197
0.138454
0.801517
0.989141
0.841251
0.66835
0.18555
0.785754
0.999111
0.892311
0.778446
0.372256
0.979962
0.733118
0.565365
0.8448
0.205574
0.593475
0.0951628
0.0637637
0.117801
0.551323
0.793458
0.282087
0.456611
0.30708
0.629544
0.450374
0.594492
0.978837
0.98561
0.19869
0.117291
0.787127
0.187831
0.958542
0.455477
0.37338
0.744296
0.454588
0.265691
0.522742
0.826844
0.245653
0.255861
0.392209
0.0904526
0.461435
0.985684
0.185615
0.525198
0.103485
0.736939
0.318656
0.385572
0.193549
0.625736
0.0151159
0.643923
0.220228
0.993953
0.629533
0.418918
0.111244
0.41666
0.606749
0.0697855
0.872137
0.980129
0.814081
0.326725
0.24582
0.336824
0.153569
0.491473
0.592684
0.545778
0.581926
0.0541191
0.531462
0.767541
0.579317
0.634947
0.50448
0.897973
0.0205186
0.698029
0.52371
0.0356345
0.341952
0.743938
0.0295872
0.971485
0.162856
0.140831
0.388145
0.769604
0.210616
0.260281
0.749734
0.0246978
0.587006
0.995554
0.361522
0.740575
0.487027
0.954206
0.286353
0.0689527
0.00832509
0.817816
0.836494
0.587642
0.452763
0.340974
0.485616
0.473281
0.0390028
0.00932533
0.508916
0.380955
0.753263
0.538503
0.35244
0.916119
0.679334
0.740585
0.685723
0.88995
0.000866394
0.435457
0.914648
0.587872
0.43101
0.27617
0.328448
0.918037
0.230376
0.614801
0.98699
0.238701
0.432617
0.823484
0.826343
0.885379
0.164457
0.311959
0.358661
0.20346
0.321284
0.867577
0.584415
0.0745474
0.40608
0.936855
0.990666
0.0854134
0.67744
0.676389
0.975364
0.678307
0.111846
0.890012
0.266179
0.542856
0.166181
0.594627
0.460893
0.396557
0.209428
0.447883
0.635258
0.642044
0.271367
0.461601
0.527424
0.435825
0.77356
0.886084
0.639285
0.0948441
0.753661
0.2237
0.169392
0.15974
0.160555
0.160058
0.245154
0.837995
0.836447
0.220518
0.516302
0.948292
0.110529
0.782481
0.491148
0.276711
0.377108
0.952042
0.673268
0.586535
0.399925
0.308526
0.22858
0.671292
0.770126
0.756003
0.107117
0.543686
0.642088
0.746402
0.63853
0.395749
0.970102
0.807922
0.555489
0.130657
0.96798
0.800643
0.968652
0.804426
0.0211605
0.484955
0.752719
0.13169
0.267436
0.243867
0.408401
0.644544
0.195909
0.0816685
0.231079
0.595834
0.390194
0.459659
0.267126
0.16032
0.215662
0.374243
0.704007
0.85775
0.120645
0.342537
0.253499
0.0907462
0.150459
0.808988
0.221403
0.118439
0.609631
0.190056
0.922865
0.630791
0.67501
0.675584
0.762481
0.942446
0.919451
0.170882
0.586989
0.11536
0.25255
0.818069
0.711194
0.642744
0.277727
0.97832
0.803065
0.49339
0.352563
0.507072
0.35114
0.473208
0.849609
0.604639
0.563954
6.80378e-05
0.413626
0.785357
0.118507
0.0232572
0.975413
0.0413721
0.654048
0.650423
0.716956
0.41653
0.592869
0.636407
0.587411
0.179858
0.751767
0.839962
0.997927
0.462962
0.482706
0.275654
0.441282
0.285771
0.769044
0.793845
0.792843
0.120183
0.267053
0.642451
0.724822
0.831007
0.642519
0.138448
0.616364
0.761026
0.161706
0.591777
0.802398
0.815754
0.242199
0.519354
0.232284
0.835068
0.155762
0.819695
0.014926
0.907529
0.659657
0.0128526
0.370491
0.142363
0.288507
0.811773
0.428134
0.0575502
0.605618
0.220976
0.177734
0.872671
0.863428
0.902556
0.703677
0.505947
0.0410039
0.320041
0.266973
0.202709
0.911818
0.0693718
0.0184635
0.154017
0.588726
0.250747
0.989085
0.744488
0.0704422
0.00401094
0.652017
0.730099
0.0168635
0.0225078
0.872462
0.30537
0.83428
0.300596
0.36292
0.439898
0.521573
0.540654
0.312569
0.385
0.443209
0.0162461
0.890948
0.484213
0.336287
0.157921
0.686923
0.248105
0.227293
0.705386
0.402122
0.816019
0.956133
0.391207
0.560507
0.0265757
0.395218
0.212524
0.756675
0.412081
0.235032
0.629137
0.717452
0.0693122
0.929733
0.0803718
0.50921
0.451306
0.621026
0.821779
0.836306
0.0642351
0.838025
0.727253
0.548448
0.174313
0.885174
0.235371
0.422418
0.112467
0.940758
0.82454
0.928486
0.896891
0.215747
0.488993
0.923467
0.610965
0.701517
0.680141
0.0230462
0.936549
0.309278
0.740498
0.00586098
0.239011
0.82087
0.515071
0.690317
0.441895
0.336851
0.526623
0.50613
0.174876
0.253876
0.0545787
0.349188
0.139051
0.28995
0.771606
0.251518
0.230708
0.596146
0.180004
0.127599
0.811892
0.668997
0.0510653
0.422857
0.370514
0.731207
0.445903
0.307063
0.0404852
0.186401
0.312924
0.279497
0.00727062
0.827995
0.969813
0.449166
0.164846
0.496436
0.955296
0.339722
0.750313
0.00987478
0.68891
0.889363
0.299825
0.460516
0.140881
0.530532
0.0566617
0.320886
0.658131
0.868554
0.989883
0.709196
0.291411
0.360397
0.440403
0.737315
0.66746
0.480888
0.923716
0.980384
0.760385
0.930986
0.808379
0.730198
0.380152
0.973225
0.226635
0.335448
0.312947
0.976947
0.345323
0.00185692
0.866311
0.645148
0.462373
0.0071924
0.17568
0.519035
0.328078
0.833811
0.387589
0.317961
0.543007
0.679
0.678358
0.983411
0.416314
0.345818
0.464299
0.34003
0.326202
0.224684
0.271016
0.134581
0.954882
0.651168
0.107807
0.181517
0.986616
0.420753
0.158465
0.331939
0.42261
0.0247756
0.977087
0.884983
0.031968
0.152767
0.404018
0.360046
0.986578
0.791607
0.678007
0.529585
0.470606
0.356365
0.512996
0.886921
0.702183
0.977295
0.226951
0.0283848
0.201978
0.497967
0.162966
0.156861
0.149135
0.270773
0.338378
0.135751
0.691526
0.496843
0.46769
0.114137
0.521618
0.444777
0.99912
0.553586
0.597543
0.403138
0.913632
0.584121
0.194744
0.591639
0.113706
0.665351
0.948004
0.626702
0.552271
0.650187
0.603996
0.779222
0.678571
0.805975
0.277189
0.841538
0.962836
0.426324
0.11231
0.301214
0.562075
0.803837
0.798056
0.0297649
0.917973
0.319674
0.474542
0.917093
0.873261
0.0720852
0.320231
0.786893
0.656206
0.514975
0.378532
0.769912
0.180326
0.326536
0.396614
0.732597
0.976722
0.000610726
0.511819
0.655294
0.806586
0.789008
0.496831
0.769421
0.215331
0.609142
0.0706351
0.777406
0.412978
0.868691
0.807171
0.330951
0.188366
0.281713
0.248044
0.0616264
0.353798
0.568275
0.848519
0.0100043
0.0832498
0.227051
0.779917
0.263575
0.553586
0.176531
0.996172
0.530308
0.177142
0.507991
0.185602
0.983727
0.296999
0.682433
0.753149
0.51233
0.291575
0.823784
0.289737
0.704553
0.692475
0.0969077
0.0355045
0.880841
0.378621
0.283549
0.942468
0.732419
0.851824
0.790987
0.742423
0.935073
0.0180374
0.52234
0.198649
0.571624
0.698871
0.194821
0.101932
0.876012
0.702812
0.287534
0.85974
0.999811
0.969968
0.612889
0.512142
0.261543
0.436672
0.801878
0.966096
0.129148
0.898786
0.00160034
0.0099888
0.277407
0.285149
0.952456
0.00982522
0.136973
0.743443
0.752248
0.072046
0.76148
0.274588
0.270695
0.333104
0.973458
0.465516
0.435036
0.84947
0.168329
0.722571
0.70921
0.16814
0.692538
0.322099
0.680282
0.954081
0.758771
0.48216
0.920177
0.887919
0.380947
0.921777
0.897908
0.658353
0.206926
0.850364
0.668178
0.343899
0.593807
0.420426
0.415945
0.355287
0.695014
0.68664
0.688391
0.668472
0.152156
0.123428
0.517943
0.320484
0.845998
0.227153
0.488624
0.538536
0.549252
0.168906
0.492617
0.308023
0.651067
0.412794
0.195942
0.0320132
0.334571
0.0938494
0.690366
0.541498
0.944213
0.358545
0.885396
0.53802
0.778971
0.301341
0.893308
0.473985
0.987981
0.581699
0.142458
0.140137
0.705126
0.6604
0.460621
0.551124
0.887553
0.949246
0.0896607
0.436805
0.118152
0.582278
0.744828
0.769219
0.995072
0.940769
0.801232
0.329643
0.0346186
0.491598
0.871141
0.978832
0.850143
0.756537
0.516852
0.629115
0.0578784
0.41016
0.1031
0.0458593
0.991859
0.245558
0.185996
0.696985
0.905958
0.646617
0.248109
0.793511
0.595863
0.33777
0.230316
0.714015
0.920048
0.975143
0.483233
0.91512
0.915912
0.284465
0.244763
0.950531
0.776064
0.115904
0.929363
0.626207
0.872442
0.446215
0.255322
0.93032
0.856375
0.358422
0.976179
0.848234
0.603979
0.162175
0.545218
0.509937
0.808793
0.793328
0.303448
0.404655
0.131098
0.533764
0.11867
0.0511454
0.508907
0.601904
0.966265
0.424819
0.886369
0.211029
0.37535
0.662433
0.326933
0.304713
0.28864
0.199374
0.750928
0.543962
0.129694
0.607303
0.902383
0.105874
0.455537
0.506363
0.268049
0.000755035
0.0163003
0.0768414
0.794083
0.319749
0.481497
0.92518
0.853512
0.600167
0.976326
0.362419
0.202071
0.942591
0.787239
0.0884396
0.15362
0.162589
0.750872
0.480552
0.467302
0.0395122
0.679927
0.21823
0.583474
0.809621
0.825533
0.485857
0.915495
0.28107
0.99222
0.183544
0.281825
0.00852047
0.260385
0.0759075
0.328269
0.741882
0.00108769
0.181781
0.342049
0.977413
0.544201
0.544119
0.920004
0.331439
0.632559
0.0736237
0.494028
0.383431
0.554176
0.96133
0.422944
0.234103
0.17956
0.00641731
0.0437241
0.00509325
0.492275
0.959219
0.286163
0.484495
0.142762
0.567988
0.493015
0.403148
0.643895
0.821284
0.145029
0.644983
0.00306563
0.487078
0.622396
0.547266
0.0311977
0.542401
0.878706
0.663757
0.616024
0.372734
0.047188
0.1702
0.334064
0.470132
0.404303
0.513624
0.476549
0.448027
0.518717
0.968823
0.407246
0.80488
0.453318
0.550009
0.372868
0.946333
0.953156
0.0167638
0.767617
0.0981857
0.661747
0.770683
0.585264
0.284143
0.31795
0.616462
0.826544
0.196655
0.280218
0.442568
0.569389
0.327406
0.612768
0.903454
0.797538
0.0170716
0.417078
0.274087
0.465099
0.935795
0.24291
0.872345
0.740676
0.696228
0.422354
0.113544
0.642561
0.37551
0.130308
0.410179
0.473696
0.792055
0.180862
0.05896
0.0761977
0.498811
0.675422
0.902741
0.695467
0.95564
0.345309
0.264856
0.283046
0.958078
0.16831
0.0805838
0.975149
0.585387
0.35467
0.440248
0.521183
0.59758
0.312593
0.261858
0.293808
0.734948
0.375402
0.936369
0.110458
0.50571
0.346548
0.584154
0.297764
0.52741
0.643114
0.373962
0.0262215
0.318535
0.276704
0.721688
0.274175
0.622013
0.986544
0.557221
0.580091
0.154854
0.637805
0.55524
0.740242
0.992475
0.995488
0.261424
0.590056
0.308081
0.523282
0.883864
0.0430289
0.898684
0.820233
0.153487
0.404394
0.166781
0.737641
0.702159
0.694191
0.380755
0.076121
0.720413
0.69929
0.352825
0.442101
0.973465
0.974838
0.428646
0.530687
0.554928
0.5835
0.168492
0.110168
0.323742
0.160967
0.105656
0.585166
0.751023
0.413737
0.108448
0.634886
0.456766
0.00713238
0.45512
0.610253
0.411527
0.621901
0.347893
0.113686
0.316092
0.728648
0.189807
0.0365055
0.427938
0.542631
0.478607
0.401403
0.517469
0.907252
0.93209
0.0723969
0.490752
0.100582
0.182565
0.814494
0.261549
0.288221
0.39966
0.0125715
0.701958
0.508108
0.647458
0.158724
0.51524
0.102577
0.768976
0.926767
0.724478
0.11687
0.0404521
0.040571
0.845518
0.230259
0.0770764
0.273456
0.77289
0.555683
0.674859
0.290359
0.462936
0.606949
0.362756
0.953688
0.707531
0.54532
0.768182
0.96908
0.833541
0.167842
0.981651
0.535498
0.675949
0.629109
0.694222
0.191189
0.731686
0.463198
0.117956
0.456165
0.580068
0.158408
0.496736
0.425586
0.388667
0.573812
0.699041
0.161556
0.129495
0.3739
0.451915
0.592431
0.980849
0.81467
0.546119
0.68838
0.359991
0.314301
0.657459
0.193532
0.482143
0.63911
0.72903
0.158092
0.268219
0.423252
0.349281
0.999906
0.886451
0.467237
0.456071
0.466518
0.625645
0.952806
0.892104
0.0143114
0.526619
0.591145
0.175868
0.656114
0.965045
0.627783
0.248545
0.945894
0.442453
0.794664
0.634274
0.802444
0.108965
0.291733
0.995976
0.591108
0.930844
0.725006
0.7492
0.199063
0.148258
0.0984817
0.198969
0.0347085
0.565719
0.655039
0.501227
0.191364
0.607845
0.393331
0.205675
0.134464
0.984476
0.381543
0.790578
0.949521
0.00932545
0.0391231
0.895416
0.451779
0.833787
0.52969
0.254223
0.942753
0.821423
0.250198
0.533861
0.752267
0.975204
0.283062
0.95133
0.123462
0.381543
0.150298
0.158171
0.947262
0.805338
0.659398
0.138626
0.413183
0.0527285
0.3443
0.547647
0.0372046
0.725843
0.338225
0.986726
0.735169
0.377348
0.882141
0.186947
0.211136
0.411831
0.44117
0.153889
0.233254
0.691368
0.68775
0.985521
0.666572
0.970812
0.93685
0.790034
0.352355
0.0871489
0.948205
0.299617
0.892486
0.607602
0.438242
0.305669
0.660331
0.782543
0.853317
0.697535
0.508386
0.191542
0.684261
0.243555
0.56889
0.566403
0.430502
0.780026
0.978234
0.871672
0.933914
0.211488
0.56304
0.621664
0.197009
0.229612
0.592475
0.133859
0.0196463
0.94483
0.221008
0.967851
0.244447
0.113495
0.575453
0.68269
0.419164
0.235784
0.465233
0.27248
0.933319
0.973619
0.464022
0.617581
0.217174
0.032912
0.183984
0.647676
0.812938
0.162217
0.519348
0.746852
0.373705
0.0823876
0.368515
0.570714
0.312
0.960991
0.704573
0.331646
0.905821
0.925581
0.299497
0.150268
0.0390759
0.87495
0.832958
0.45824
0.110734
0.29819
0.73072
0.0440536
0.271809
0.194742
0.661634
0.488983
0.227654
0.845618
0.136658
0.0405919
0.00783519
0.656006
0.787443
0.381541
0.738393
0.155959
0.952255
0.0503931
0.11695
0.656828
0.382039
0.0227705
0.582409
0.681536
0.173039
0.621485
0.556487
0.00599629
0.079725
0.667221
0.304187
0.810445
0.711274
0.575996
0.00518774
0.372909
0.0649782
0.232842
0.218527
0.201636
0.273434
0.226362
0.857642
0.0608775
0.607902
0.596035
0.216836
0.560157
0.646429
0.333786
0.216985
0.0284678
0.356556
0.799394
0.710004
0.529595
0.420879
0.266491
0.535591
0.500604
0.933712
0.839778
0.311049
0.644986
0.415773
0.316237
0.0178948
0.480752
0.549079
0.236421
0.682388
0.822513
0.462783
0.54003
0.883391
0.0706854
0.136065
0.100227
0.630842
0.782494
0.434013
0.847827
0.810962
0.79057
0.647221
0.520966
0.320164
0.0681003
0.787457
0.855756
0.568705
0.721168
0.695533
0.879754
0.366154
0.111307
0.195991
0.384049
0.592058
0.745071
0.620471
0.274446
0.567584
0.0832537
0.814476
0.450975
0.153939
0.950542
0.551202
0.784781
0.733036
0.985216
0.632608
0.543997
0.775785
0.27983
0.0649634
0.0959495
0.34793
0.85242
0.951705
0.916634
0.573588
0.647238
0.796388
0.939743
0.758545
0.99238
0.323792
0.350603
0.73745
0.944263
0.62505
0.305034
0.0275165
0.439526
0.756009
0.181456
0.390068
0.307212
0.966237
0.123103
0.292427
0.598845
0.667101
0.0682126
0.878675
0.732064
0.164162
0.226605
0.584484
0.115867
0.143239
0.158073
0.763106
0.939628
0.0978154
0.521651
0.932007
0.421608
0.872254
0.669458
0.36587
0.497304
0.974492
0.393387
0.93683
0.730501
0.574842
0.326898
0.0377133
0.541079
0.450001
0.330141
0.139925
0.117102
0.398353
0.0185996
0.849166
0.562515
0.245205
0.43365
0.678383
0.388444
0.591723
0.441488
0.328072
0.689538
0.963139
0.260079
0.111146
0.835393
0.929537
0.477016
0.332697
0.904029
0.870402
0.269527
0.63453
0.445245
0.596425
0.672243
0.986324
0.0464259
0.00238403
0.126249
0.163528
0.400737
0.144848
0.0126934
0.963253
0.390053
0.446343
0.641635
0.778497
0.038066
0.0831234
0.106568
0.727604
0.0462624
0.366647
0.83875
0.881656
0.296183
0.315765
0.214353
0.200212
0.186168
0.48388
0.834742
0.631412
0.0803048
0.506985
0.617736
0.126731
0.509369
0.743985
0.290258
0.910107
0.888833
0.302952
0.873359
0.278886
0.749295
0.514995
0.0573823
0.787361
0.598118
0.16395
0.514965
0.64438
0.530597
0.353715
0.526036
0.826781
0.66948
0.740389
0.0269927
0.855648
0.224269
0.861735
0.48706
0.304573
0.36872
0.104797
0.431304
0.878089
0.848782
0.721562
0.788196
0.737615
0.0245141
0.661555
0.0165005
0.773809
0.17655
0.0738828
0.56117
0.774668
0.237833
0.0761355
0.419049
0.76843
0.42985
0.945085
0.595211
0.0993303
0.685473
0.622204
0.954978
0.909742
0.483939
0.442038
0.214315
0.852659
0.546835
0.645619
0.730748
0.395616
0.367182
0.518944
0.133231
0.391696
0.180499
0.149732
0.165505
0.357049
0.223614
0.726675
0.131718
0.461448
0.802811
0.550766
0.229878
0.232661
0.495851
0.825089
0.331991
0.181324
0.447293
0.286969
0.0910658
0.931232
0.729008
0.305381
0.78389
0.275843
0.951001
0.514638
0.671459
0.318182
0.0335824
0.80469
0.709878
0.214082
0.954422
0.875383
0.571131
0.178036
0.602059
0.702849
0.639484
0.40487
0.253615
0.869362
0.637531
0.749465
0.694451
0.969522
0.930789
0.141744
0.256492
0.0218551
0.0729761
0.985499
0.327236
0.856867
0.261342
0.278237
0.371505
0.932801
0.596419
0.405087
0.737491
0.306298
0.619169
0.691913
0.181681
0.1903
0.869949
0.78374
0.893149
0.509433
0.188609
0.146764
0.378795
0.82614
0.896229
0.0732464
0.795662
0.827018
0.214991
0.052154
0.848873
0.287967
0.0376534
0.17611
0.144833
0.298995
0.454346
0.516338
0.231796
0.0507657
0.921426
0.969288
0.357063
0.540595
0.661201
0.538744
0.730895
0.53115
0.322484
0.624044
0.0405832
0.511093
0.770808
0.419378
0.337233
0.667037
0.492625
0.132896
0.494056
0.707616
0.18505
0.342929
0.995582
0.222703
0.519039
0.140416
0.521699
0.973385
0.656754
0.753495
0.024151
0.57818
0.722782
0.381214
0.118775
0.383983
0.919958
0.849671
0.915133
0.242442
0.473715
0.955716
0.753535
0.244523
0.375095
0.0907689
0.911561
0.86772
0.223665
0.405617
0.575335
0.408715
0.748546
0.570918
0.631418
0.267585
0.711334
0.153116
0.24097
0.368088
0.906611
0.265121
0.946268
0.629394
0.646335
0.0650432
0.0133768
0.566294
0.914714
0.92851
0.808736
0.388429
0.884226
0.562272
0.632952
0.259321
0.65304
0.544513
0.127041
0.876705
0.95013
0.702376
0.28542
0.698675
0.273294
0.916837
0.96626
0.984627
0.0699538
0.20723
0.352715
0.976565
0.472351
0.298983
0.605959
0.118686
0.364026
0.619335
0.68498
0.27874
0.547845
0.493716
0.667169
0.432072
0.0559877
0.300121
0.691393
0.709028
0.844634
0.818434
0.585733
0.794764
0.52081
0.871153
0.493439
0.794104
0.78799
0.459699
0.778731
0.857944
0.666929
0.131446
0.834509
0.13928
0.430429
0.440468
0.257966
0.794455
0.0598034
0.942946
0.0731949
0.607649
0.436662
0.740364
0.0397206
0.49265
0.0404849
0.731114
0.201678
0.885119
0.549547
0.787412
0.679883
0.0703574
0.658565
0.173321
0.864461
0.446555
0.63302
0.643192
0.304499
0.299949
0.774638
0.139009
0.439229
0.205066
0.579476
0.697195
0.999521
0.63928
0.640141
0.0727164
0.246929
0.0768037
0.81308
0.286649
0.569454
0.853565
0.0177628
0.771132
0.738684
0.56731
0.558544
0.418567
0.637668
0.217108
0.591888
0.502129
0.663663
0.224908
0.14532
0.968162
0.524857
0.919958
0.107171
0.964086
0.125024
0.686647
0.661281
0.124546
0.325927
0.301423
0.197262
0.572856
0.378226
0.0103424
0.859505
0.94768
0.863907
0.877268
0.718812
0.602591
0.444578
0.277356
0.021158
0.0822458
0.494464
0.613046
0.584374
0.158127
0.837954
0.729695
0.126289
0.362812
0.649653
0.23346
0.326898
0.774677
0.920108
0.98818
0.899223
0.246035
0.289602
0.0964853
0.818891
0.667829
0.106828
0.678396
0.615509
0.970735
0.555664
0.334321
0.573327
0.000242653
0.611677
0.594485
0.0824885
0.106141
0.207531
0.666863
0.264268
0.045485
0.396558
0.390558
0.408297
0.0462103
0.624018
0.735195
0.820887
0.544126
0.723375
0.720111
0.790161
0.0129771
0.816596
0.609052
0.680806
0.923424
0.287449
0.296315
0.894159
0.843113
0.630636
0.467485
0.843356
0.242313
0.0619697
0.925844
0.348454
0.2695
0.592707
0.612722
0.314985
0.989265
0.00327962
0.723282
0.0354752
0.627298
0.458477
0.856363
0.171424
0.181852
0.576473
0.961585
0.194829
0.393069
0.570637
0.875635
0.316493
0.858086
0.17195
0.210651
0.7012
0.802586
0.678136
0.544555
0.0448988
0.740106
0.4704
0.393353
0.00960627
0.0631072
0.00607502
0.324592
0.0523721
0.00935463
0.0478738
0.0878473
0.636652
0.506351
0.94421
0.808076
0.688203
0.520683
0.769661
0.883032
0.913752
0.340298
0.758667
0.230245
0.198384
0.930617
0.440896
0.899584
0.733203
0.119032
0.444139
0.778101
0.859138
0.914539
0.171454
0.868744
0.977646
0.177529
0.193336
0.0300183
0.186884
0.24121
0.117866
0.823536
0.747561
0.0620754
0.631612
0.435764
0.582759
0.401273
0.318796
0.496511
0.74157
0.0774631
0.726755
0.939954
0.00807985
0.167651
0.839538
0.741282
0.286683
0.283677
0.519384
0.145821
0.198216
0.690838
0.0145659
0.175862
0.868367
0.207902
0.20588
0.0552513
0.449112
0.323746
0.878787
0.196672
0.385821
0.510399
0.632436
0.96858
0.911672
0.951232
0.465091
0.653242
0.0286952
0.191846
0.593197
0.0367751
0.359497
0.432735
0.778057
0.646181
0.716412
0.297441
0.792002
0.914628
0.988279
0.806568
0.09049
0.856647
0.0144697
0.29637
0.911898
0.463581
0.620116
0.790685
0.660254
0.00593786
0.301085
0.29269
0.974518
0.212757
0.243922
0.439608
0.865999
0.272617
0.631454
0.459196
0.309392
0.990952
0.891931
0.0874498
0.637132
0.608343
0.384891
0.429134
0.522971
0.37317
0.235702
0.613461
0.229817
0.250172
0.909831
0.141715
0.713753
0.529948
0.9324
0.374007
0.535885
0.233485
0.666697
0.510403
0.446242
0.910619
0.950012
0.312241
0.183236
0.581466
0.771438
0.492628
0.572418
0.663369
0.580078
0.20955
0.271712
0.964969
0.638684
0.794683
0.338139
0.874386
0.408143
0.567956
0.124558
0.317974
0.709671
0.838311
0.847922
0.642071
0.212318
0.383808
0.875556
0.879014
0.894211
0.321798
0.789633
0.844223
0.63404
0.972869
0.425689
0.405478
0.465497
0.998107
0.0688464
0.0455748
0.207657
0.340558
0.0105438
0.846341
0.135241
0.348683
0.720727
0.543384
0.916639
0.845285
0.861359
0.62631
0.683596
0.709281
0.268382
0.895914
0.0930881
0.143938
0.774928
0.987299
0.465736
0.564561
0.831521
0.0997763
0.537429
0.25721
0.505254
0.00292632
0.255317
0.5741
0.0485012
0.462974
0.914658
0.059045
0.309315
0.0498991
0.407728
0.0300419
0.593283
0.324367
0.875327
0.454642
0.950678
0.558923
0.163922
0.219059
0.454837
0.25701
0.362997
0.229765
0.244309
0.828734
0.794325
0.0758307
0.92851
0.331755
0.333041
0.433764
0.334681
0.588358
0.00786384
0.383182
0.051332
0.922522
0.442227
0.360647
0.972421
0.849955
0.390689
0.565704
0.174323
0.266016
0.0203459
0.125
0.824939
0.184268
0.344059
0.279775
0.441278
0.707057
0.50954
0.685588
0.53579
0.303865
0.761418
0.4643
0.63562
0.0944594
0.898064
0.970301
0.682818
0.905927
0.353483
0.73415
0.82845
0.79571
0.0947963
0.800871
0.645665
0.485485
0.366575
0.819988
0.751501
0.386921
0.944988
0.576439
0.571189
0.289048
0.856215
0.0124677
0.996104
0.365754
0.698055
0.531895
0.669619
0.459474
0.996195
0.305239
0.553933
0.894258
0.27554
0.236751
0.800186
0.629023
0.9709
0.628635
0.424733
0.0656965
0.429506
0.0703983
0.551182
0.796081
0.890386
0.302682
0.183002
0.835375
0.879121
0.754192
0.124423
0.735336
0.766659
0.120527
0.10109
0.464715
0.652422
0.77071
0.924188
0.648616
0.0759486
0.478121
0.542874
0.351488
0.714872
0.34306
0.980511
0.685772
0.971695
0.405244
0.751469
0.401201
0.475642
0.30265
0.197282
0.366029
0.605333
0.380285
0.201403
0.484454
0.134476
0.325826
0.21979
0.901135
0.446353
0.32088
0.36585
0.0987745
0.09159
0.290038
0.747391
0.167539
0.76816
0.290265
0.519027
0.483032
0.633325
0.499538
0.168804
0.60502
0.904782
0.920273
0.00622083
0.380424
0.222923
0.203503
0.746452
0.828256
0.583788
0.947856
0.31271
0.718264
0.273682
0.5325
0.619399
0.720035
0.853381
0.985249
0.818809
0.944971
0.275287
0.5662
0.112509
0.0434467
0.856465
0.631536
0.526478
0.489789
0.131074
0.695282
0.094809
0.035856
0.615555
0.10103
0.41628
0.838479
0.304533
0.162732
0.666735
0.888321
0.110588
0.979445
0.606585
0.38427
0.511945
0.225984
0.104304
0.365326
0.211233
0.923113
0.310297
0.48652
0.489313
0.422806
0.529967
0.345777
0.0543428
0.0564453
0.835567
0.185417
0.751728
0.930376
0.221273
0.367283
0.0314054
0.637553
0.205762
0.335938
0.800285
0.872496
0.224259
0.910874
0.851941
0.830844
0.295143
0.363887
0.0568275
0.399447
0.729213
0.26806
0.322561
0.0395097
0.754581
0.811873
0.462316
0.284548
0.157651
0.516659
0.340993
0.993217
0.702076
0.0927206
0.923593
0.923349
0.460004
0.954998
0.560902
0.665765
0.290937
0.361188
0.538262
0.515196
0.272061
0.390203
0.34604
0.567205
0.75409
0.402867
0.966652
0.483302
0.670928
0.289213
0.522812
0.425508
0.101086
0.985128
0.710056
0.258737
0.501787
0.0510487
0.251954
0.203863
0.143769
0.175547
0.127213
0.603773
0.130546
0.688115
0.269538
0.421482
0.0493028
0.8078
0.936678
0.321364
0.198003
0.282718
0.888569
0.952093
0.685585
0.855221
0.435395
0.356512
0.144433
0.958207
0.782021
0.245519
0.943335
0.492076
0.504256
0.445123
0.543125
0.75621
0.648986
0.686894
0.931758
0.776199
0.290667
0.0623034
0.464314
0.560206
0.483786
0.513616
0.368006
0.420464
0.83498
0.566009
0.703182
0.723549
0.518101
0.388767
0.57877
0.953496
0.745279
0.723203
0.911703
0.5273
0.968723
0.855039
0.0193765
0.472979
0.300161
0.562502
0.229189
0.949147
0.249396
0.160947
0.725346
0.540063
0.22325
0.189659
0.100269
0.707036
0.703275
0.468274
0.1275
0.538256
0.0342828
0.830683
0.261805
0.552384
0.21945
0.840575
0.50588
0.964729
0.563778
0.417584
0.492029
0.532501
0.272622
0.511406
0.00547971
0.572783
0.0739073
0.234669
0.521931
0.323303
0.395616
0.247276
0.863367
0.618866
0.436936
0.963635
0.325902
0.140211
0.43191
0.453403
0.678467
0.466192
0.284085
0.940272
0.0185765
0.503535
0.780847
0.524457
0.468264
0.344626
0.94204
0.960293
0.877127
0.214663
0.471699
0.882606
0.787446
0.545606
0.117275
0.309377
0.868909
0.512891
0.556653
0.732276
0.131757
0.993589
0.695911
0.45766
0.1338
0.127821
0.911062
0.812267
0.594013
0.195148
0.752539
0.61259
0.698683
0.533386
0.137047
0.166947
0.878012
0.0790871
0.12724
0.755138
0.29375
0.598939
0.637744
0.0811958
0.144545
0.755019
0.390573
0.0134544
0.26791
0.947226
0.74573
0.399668
0.940814
0.441642
0.857327
0.0746137
0.569463
0.76839
0.88688
0.163476
0.963537
0.639419
0.776066
0.66222
0.172805
0.913113
0.829167
0.0508163
0.9922
0.956407
0.805954
0.28595
0.555346
0.443699
0.367145
0.699891
0.198718
0.757718
0.713346
0.466629
0.704944
0.459076
0.866296
0.645758
0.900718
0.723623
0.720371
0.47018
0.492013
0.607252
0.633656
0.45555
0.24667
0.409722
0.117771
0.419475
0.322835
0.946938
0.470292
0.315035
0.903345
0.276246
0.600985
0.458691
0.719945
0.96813
0.158582
0.918663
0.725848
0.871928
0.385291
0.430792
0.331004
0.251587
0.0765492
0.231721
0.975211
0.79692
0.701901
0.467224
0.404172
0.335558
0.922774
0.650842
0.74528
0.0405448
0.0703176
0.0681152
0.987483
0.540609
0.38315
0.890828
0.816855
0.984135
0.349519
0.5368
0.952265
0.508101
0.455462
0.678113
0.380028
0.840754
0.108905
0.711032
0.0923411
0.185454
0.942753
0.0675519
0.982374
0.644654
0.534776
0.386546
0.980212
0.45755
0.0373885
0.725492
0.498095
0.107706
0.793607
0.485577
0.648315
0.176757
0.376405
0.46517
0.160892
0.725923
0.00197003
0.113157
0.234024
0.457432
0.79127
0.614052
0.298186
0.900175
0.325084
0.390527
0.0856287
0.267837
0.458079
0.0680028
0.912491
0.992855
0.454549
0.892703
0.450405
0.491938
0.618195
0.948499
0.599644
0.411802
0.434076
0.247959
0.58856
0.810481
0.713129
0.749452
0.536404
0.715099
0.86261
0.770428
0.172532
0.65388
0.38448
0.470718
0.554055
0.709564
0.861245
0.639684
0.977401
0.319324
0.707686
0.889892
0.312179
0.162235
0.782595
0.762584
0.654173
0.40079
0.711083
0.253817
0.812593
0.145159
0.501775
0.401152
0.95564
0.214905
0.150605
0.492044
0.930004
0.0132142
0.262471
0.102536
0.667094
0.646951
0.573253
0.221149
0.356515
0.434499
0.860833
0.333915
0.753823
0.568519
0.223807
0.0660021
0.730754
0.00640219
0.828586
0.384927
0.407192
0.539669
0.638744
0.219785
0.684828
0.140519
0.620937
0.640468
0.355424
0.771542
0.132512
0.285428
0.784756
0.394983
0.387963
0.45185
0.0419344
0.961217
0.672999
0.398449
0.395715
0.533832
0.732365
0.149538
0.102351
0.956172
0.21554
0.833105
0.962574
0.0441262
0.218033
0.369767
0.583795
0.856776
0.589551
0.268623
0.997296
0.210489
0.909091
0.352719
0.982031
0.0416024
0.638147
0.766787
0.436586
0.0261105
0.218637
0.47852
0.987327
0.891636
0.876969
0.383043
0.425468
0.609334
0.532581
0.527819
0.565506
0.748121
0.360924
0.52808
0.792247
0.578957
0.897847
0.376042
0.435733
0.487398
0.644665
0.433029
0.697887
0.553756
0.785748
0.679918
0.595358
0.423895
0.446705
0.0319438
0.450006
0.665342
0.510464
0.437333
0.556978
0.387433
0.820376
0.982447
0.996767
0.352956
0.510266
0.562273
0.101077
0.87119
0.0903532
0.893325
0.450147
0.9882
0.269367
0.88588
0.475599
0.914032
0.318909
0.173486
0.467788
0.104657
0.853404
0.0631463
0.528552
0.300109
0.0950901
0.978558
0.965451
0.605554
0.415891
0.522429
0.992987
0.236266
0.504876
0.989754
0.589223
0.0151413
0.552026
0.6903
0.886331
0.64238
0.583625
0.336478
0.63058
0.852992
0.222358
0.106178
0.767024
0.541267
0.279664
0.234812
0.645923
0.133068
0.297958
0.174475
0.433176
0.393049
0.153033
0.398627
0.998602
0.568923
0.921056
0.991589
0.80519
0.425932
0.981342
0.394412
0.441073
0.533369
0.0847123
0.327404
0.175749
0.668337
0.663882
0.806328
0.521329
0.88624
0.912507
0.288353
0.427507
0.192171
0.523165
0.0734298
0.325239
0.821124
0.247905
0.758415
0.214172
0.400938
0.157042
0.212775
0.969861
0.0780979
0.204364
0.775051
0.504029
0.185706
0.169463
0.945102
0.719075
0.254175
0.272506
0.894823
0.922512
0.936388
0.701152
0.443842
0.822628
0.613659
0.732195
0.250135
0.805829
0.25536
0.323565
0.131068
0.0764835
0.57147
0.889483
0.290656
0.972407
0.0465251
0.50343
0.942268
0.124623
0.707794
0.717319
0.628652
0.8935
0.886782
0.573755
0.612575
0.140957
0.846261
0.507398
0.0634698
0.782649
0.20855
0.507311
0.605277
0.822209
0.239506
0.855412
0.628038
0.494866
0.178977
0.759106
0.571349
0.750446
0.648589
0.862005
0.722854
0.695115
0.365435
0.665122
0.819737
0.0732293
0.382441
0.44839
0.966729
0.269223
0.0221443
0.579304
0.41018
0.868405
0.0867018
0.47365
0.651054
0.295252
0.980962
0.256331
0.11746
0.220468
0.111744
0.745498
0.715333
0.29072
0.504605
0.286683
0.0411668
0.153194
0.148688
0.76402
0.848309
0.514123
0.429142
0.668046
0.587353
0.811584
0.116436
0.554082
0.0808067
0.13858
0.133385
0.490987
0.0069853
0.220087
0.964637
0.658039
0.515339
0.945599
0.914371
0.632799
0.166067
0.0261143
0.378298
0.8814
0.316835
0.882903
0.168083
0.358002
0.0360967
0.316771
0.122022
0.884405
0.830894
0.551164
0.552451
0.418247
0.362748
0.668887
0.972329
0.443555
0.807468
0.105714
0.934542
0.814453
0.325801
0.899179
0.472492
0.84114
0.844778
0.386863
0.47394
0.010845
0.412977
0.852238
0.892245
0.729812
0.73514
0.0603278
0.0878136
0.771237
0.377099
0.209836
0.655642
0.207993
0.761
0.208094
0.62624
0.123748
0.876981
0.598568
0.567303
0.684449
0.704282
0.501845
0.498901
0.0300834
0.401024
0.971394
0.871224
0.245803
0.358257
0.345163
0.256648
0.771234
0.197401
0.148893
0.501046
0.932541
0.209221
0.58886
0.703778
0.586319
0.798695
0.359421
0.794312
0.559695
0.567514
0.420551
0.683443
0.444495
0.0191196
0.250746
0.128944
0.723402
0.752591
0.627845
0.753485
0.153616
0.599239
0.624709
0.399418
0.957496
0.969872
0.656066
0.72873
0.167273
0.804959
0.229776
0.0998147
0.0141798
0.818635
0.803593
0.600499
0.61733
0.163014
0.394811
0.177026
0.730528
0.815362
0.860469
0.175023
0.834482
0.111215
0.303967
0.557884
0.863807
0.931812
0.311369
0.0174225
0.531051
0.936078
0.416841
0.488547
0.90595
0.0729072
0.217277
0.0732231
0.877866
0.447052
0.173038
0.892046
0.265687
0.976631
0.492545
0.883018
0.139645
0.887356
0.0600435
0.870172
0.702719
0.920513
0.0451956
0.537201
0.0317281
0.349163
0.0950843
0.895535
0.280975
0.406453
0.912957
0.812026
0.342531
0.329798
0.300573
0.24848
0.402706
0.51785
0.321704
0.280572
0.964902
0.494741
0.172618
0.230589
0.471372
0.665163
0.113607
0.611017
0.552519
0.173651
0.481189
0.255238
0.0941632
0.526385
0.792438
0.125891
0.875547
0.887523
0.0214262
0.156522
0.293976
0.934384
0.968548
0.636506
0.264182
0.269121
0.884987
0.666888
0.786971
0.20669
0.94746
0.751872
0.701432
0.120078
0.982462
0.172804
0.785241
0.0960689
0.783821
0.33776
0.269719
0.26501
0.592998
0.363883
0.791395
0.385436
0.489774
0.666942
0.272959
0.5112
0.823464
0.566934
0.445584
0.792012
0.203441
0.709766
0.0611333
0.0884272
0.376653
0.848104
0.295117
0.324113
0.599977
0.996549
0.444191
0.582438
0.169353
0.229431
0.678507
0.953174
0.567191
0.948227
0.218184
0.160189
0.312109
0.00957833
0.545625
0.801883
0.67652
0.818584
0.313083
0.499985
0.385518
0.758667
0.291997
0.588958
0.468433
0.35313
0.677385
0.845087
0.201234
0.972503
0.1692
0.801211
0.969052
0.61339
0.383649
0.138405
0.842822
0.062156
0.0915785
0.410013
0.0103826
0.309762
0.570202
0.322492
0.31934
0.115827
0.124375
0.995861
0.93441
0.437459
0.495845
0.319928
0.196126
0.787842
0.908887
0.664559
0.140972
0.586272
0.509645
0.342206
0.558775
0.678845
0.143417
0.527827
0.292235
0.527066
0.666232
0.135057
0.589222
0.75781
0.54507
0.599604
0.0675723
0.115271
0.922096
0.386913
0.231098
0.0464713
0.382773
0.165509
0.48393
0.878619
0.485437
0.680056
0.666461
0.394324
0.344614
0.807433
0.980596
0.85426
0.149639
0.539371
0.533105
0.293056
0.0671975
0.82534
0.820121
0.733429
0.960396
0.409343
0.491239
0.505466
0.00894723
0.558812
0.620737
0.931043
0.945724
0.851836
0.977515
0.328498
0.0173445
0.461444
0.207117
0.502782
0.1415
0.873577
0.897105
0.486114
0.68101
0.877701
0.340374
0.830649
0.417072
0.873479
0.123705
0.484269
0.698819
0.943826
0.217698
0.659215
0.353169
0.708938
0.164681
0.362117
0.26775
0.785418
0.29316
0.213474
0.637254
0.270675
0.541972
0.654598
0.732119
0.749089
0.15738
0.873619
0.622666
0.0544847
0.359734
0.303676
0.932186
0.700108
0.134325
0.349257
0.573587
0.25803
0.833526
0.272405
0.201857
0.0512244
0.93162
0.555026
0.760162
0.0963005
0.917143
0.0279118
0.881718
0.210303
0.241386
0.518972
0.480977
0.783358
0.17357
0.213096
0.532446
0.330949
0.0867152
0.155112
0.385434
0.446449
0.458788
0.31762
0.146556
0.593113
0.666877
0.720143
0.851144
0.500403
0.992548
0.0530002
0.551627
0.924168
0.608026
0.31179
0.0204685
0.525169
0.339702
0.902187
0.735471
0.581087
0.421159
0.216448
0.364445
0.594729
0.429545
0.896891
0.925678
0.51626
0.0520035
0.311113
0.962708
0.510792
0.628732
0.109265
0.103905
0.295609
0.829408
0.955049
0.796012
0.821956
0.00804915
0.34764
0.746124
0.616075
0.659429
0.766592
0.141244
0.999131
0.668779
0.876716
0.580218
0.0899382
0.093164
0.944663
0.684667
0.522709
0.841555
0.610345
0.0389684
0.893558
0.921458
0.00167682
0.40435
0.55019
0.110942
0.508255
0.845799
0.94035
0.463304
0.641812
0.762305
0.471353
0.989451
0.508429
0.0874287
0.648881
0.275022
0.228673
0.648011
0.943801
0.105388
0.22823
0.0337392
0.198552
0.172893
0.718406
0.721261
0.0144478
0.328751
0.760229
0.908006
0.250209
0.761906
0.312356
0.800399
0.872848
0.820611
0.646199
0.813197
0.283916
0.28801
0.575503
0.755269
0.277462
0.0839322
0.842698
0.926342
0.358954
0.0713705
0.574354
0.302755
0.176759
0.802583
0.336494
0.375311
0.975476
0.0549002
0.0965723
0.989924
0.383652
0.856802
0.89793
0.633861
0.618708
0.210286
0.434261
0.491556
0.0308979
0.0804594
0.304753
0.314813
0.36847
0.880256
0.0700824
0.645931
0.964188
0.91278
0.572274
0.323142
0.984151
0.146627
0.625897
0.160909
0.94921
0.962391
0.536221
0.924687
0.0172912
0.632793
0.914611
0.400943
0.489595
0.812541
0.0348039
0.108303
0.0228276
0.469064
0.599858
0.0537255
0.549524
0.904611
0.368539
0.917994
0.784867
0.438621
0.563925
0.749056
0.351402
0.136198
0.0721976
0.335552
0.282826
0.698095
0.496462
0.232036
0.660486
0.0326823
0.156723
0.677777
0.665475
0.0713337
0.0787196
0.15507
0.883875
0.113523
0.263373
0.906703
0.582588
0.863231
0.960428
0.132112
0.767842
0.328967
0.0501053
0.55271
0.767588
0.61403
0.301765
0.11899
0.750229
0.373963
0.454542
0.0330541
0.0720575
0.951004
0.26509
0.732543
0.983686
0.421813
0.41032
0.649161
0.493146
0.489039
0.804231
0.377021
0.602563
0.0676039
0.283724
0.185151
0.930835
0.244152
0.317262
0.698677
0.573119
0.367368
0.251387
0.340707
0.981398
0.553152
0.459697
0.731626
0.927115
0.914239
0.76468
0.999173
0.865243
0.0297703
0.731716
0.848929
0.451583
0.142035
0.49809
0.944729
0.631074
0.302322
0.321751
0.233637
0.369926
0.605474
0.418788
0.30076
0.849626
0.73605
0.999438
0.422745
0.103418
0.250824
0.763452
0.0848155
0.803976
0.223149
0.816442
0.731092
0.137389
0.581122
0.730264
0.00263162
0.610893
0.46198
0.851561
0.0624756
0.604015
0.349651
0.00720495
0.235089
0.651973
0.328956
0.468726
0.0218982
0.93443
0.887514
0.322659
0.784056
0.623564
0.322096
0.206801
0.726982
0.57292
0.970253
0.811798
0.376897
0.193402
0.628239
0.107988
0.330791
0.209362
0.838253
0.333422
0.820254
0.300232
0.184983
0.88273
0.904247
0.534634
0.889935
0.139336
0.186606
0.21889
0.608062
0.208505
0.15332
0.495576
0.531163
0.937376
0.119141
0.853259
0.144177
0.846123
0.42618
0.11443
0.65792
0.803077
0.307832
0.28616
0.911065
0.638623
0.495522
0.749318
0.972045
0.315776
0.0495498
0.157028
0.198506
0.953797
0.691662
0.0884402
0.0931326
0.878268
0.307331
0.701195
0.0867731
0.460651
0.196771
0.617936
0.398027
0.315912
0.471196
0.542203
0.162035
0.897375
0.656633
0.819955
0.700452
0.964465
0.106115
0.611517
0.603087
0.601637
0.360835
0.575132
0.917413
0.410385
0.73216
0.115918
0.364181
0.423823
0.204358
0.457314
0.302091
0.511689
0.158509
0.388864
0.972339
0.35528
0.00680035
0.370366
0.671192
0.477996
0.912569
0.833227
0.375371
0.569202
0.653183
0.0758232
0.533667
0.759298
0.68734
0.136754
0.360935
0.0481753
0.711886
0.278348
0.45856
0.444047
0.394266
0.822741
0.867869
0.598624
0.280055
0.16996
0.110313
0.438564
0.558824
0.082652
0.793844
0.565625
0.453018
0.465037
0.0436205
0.365587
0.298264
0.418992
0.934789
0.951447
0.494815
0.468456
0.710745
0.182155
0.605209
0.0716803
0.230331
0.317096
0.350028
0.688891
0.761142
0.744293
0.511632
0.629011
0.342917
0.791687
0.798972
0.45323
0.230251
0.357796
0.535882
0.0240954
0.92342
0.9889
0.489132
0.967041
0.354487
0.787396
0.386033
0.289276
0.738843
0.880848
0.757732
0.449589
0.0630029
0.362941
0.521269
0.293333
0.680037
0.871297
0.982224
0.441179
0.61559
0.493856
0.0701903
0.958508
0.285543
0.869162
0.411737
0.515794
0.226958
0.947619
0.539889
0.150378
0.936519
0.0290215
0.117419
0.291006
0.816418
0.503452
0.580282
0.555261
0.384299
0.338013
0.00484991
0.447302
0.700954
0.526119
0.740636
0.380991
0.397416
0.72286
0.82217
0.013006
0.216715
0.89236
0.971513
0.502258
0.761522
0.383251
0.0180523
0.98848
0.33087
0.557942
0.138858
0.267389
0.586963
0.256277
0.558395
0.403381
0.759729
0.138677
0.958642
0.144029
0.476691
0.963492
0.591331
0.177645
0.489611
0.331967
0.558636
0.887027
0.0548262
0.380806
0.900033
0.271542
0.273167
0.871546
0.7738
0.034689
0.254797
0.791852
0.0231691
0.585667
0.349794
0.162027
0.853056
0.936757
0.418305
0.411452
0.340138
0.178034
0.550129
0.29878
0.322063
0.0268196
0.262272
0.913393
0.204465
0.751883
0.24536
0.763101
0.63891
0.300186
0.143907
0.538942
0.571728
0.417074
0.410488
0.345528
0.451763
0.665285
0.13738
0.474932
0.250952
0.487174
0.636959
0.104009
0.423931
0.0552642
0.515461
0.764069
0.233298
0.0655895
0.0628493
0.555361
0.092409
0.325121
0.468754
0.296874
0.0770041
0.714114
0.0599747
0.715914
0.0143004
0.203882
0.254856
0.586028
0.620956
0.665344
0.931556
0.0727193
0.330629
0.0689367
0.547651
0.581582
0.556111
0.184611
0.68559
0.980042
0.239875
0.201051
0.744112
0.473173
0.26664
0.806961
0.0285339
0.359049
0.132082
0.497288
0.655923
0.209086
0.211402
0.715898
0.925
0.225703
0.91978
0.179856
0.811731
0.540736
0.8452
0.743287
0.613455
0.175829
0.812224
0.161107
0.757411
0.368335
0.345718
0.443001
0.348377
0.585593
0.644052
0.0924888
0.0587663
0.910693
0.89945
0.0873003
0.269742
0.0315318
0.584588
0.925665
0.240618
0.795991
0.641563
0.165618
0.0216931
0.561343
0.345474
0.833424
0.102079
0.190674
0.576711
0.715535
0.366503
0.388935
0.876642
0.123913
0.75727
0.22236
0.566914
0.105647
0.807953
0.210966
0.198136
0.866719
0.121659
0.0975857
0.954019
0.391401
0.129118
0.538608
0.317066
0.369736
0.334598
0.958629
0.535354
0.356291
0.519972
0.880827
0.189715
0.622052
0.0715008
0.766426
0.337587
0.438003
0.155361
0.214228
0.561917
0.912631
0.436588
0.128831
0.0182787
0.24454
0.339797
0.216415
0.111259
0.461456
0.314
0.0652785
0.852857
0.443118
0.603886
0.169923
0.812854
0.938484
0.128553
0.348207
0.294775
0.648525
0.229034
0.484491
0.270577
0.300535
0.250917
0.608163
0.738539
0.406278
0.822391
0.300455
0.31891
0.258979
0.429286
0.337188
0.50352
0.769083
0.553603
0.614779
0.23054
0.867604
0.680057
0.0833968
0.310722
0.283943
0.25332
0.123575
0.222428
0.381873
0.471782
0.517203
0.0303977
0.700817
0.00169357
0.300974
0.00135195
0.25261
0.909138
0.739891
0.658889
0.731529
0.0403457
0.977799
0.990508
0.469632
0.314987
0.494028
0.238715
0.86859
0.108807
0.469255
0.736194
0.788864
0.552652
0.0469155
0.0728078
0.805972
0.170491
0.295235
0.187844
0.642273
0.812438
0.218242
0.34309
0.814132
0.519216
0.344442
0.0667425
0.428354
0.0843322
0.725631
0.159883
0.124678
0.70343
0.150392
0.59431
0.0184169
0.64442
0.833025
0.887007
0.753227
0.30228
0.623201
0.542091
0.854932
0.670116
0.614899
0.660903
0.840607
0.910134
0.848748
0.48288
0.722573
0.0669898
0.82597
0.536705
0.586206
0.170411
0.603447
0.0145605
0.254743
0.329079
0.174444
0.379421
0.0325085
0.324836
0.973731
0.0509254
0.969256
0.806756
0.937933
0.722483
0.109036
0.561133
0.264574
0.963968
0.23125
0.879473
0.624871
0.0718568
0.789607
0.473619
0.554737
0.51218
0.540609
0.380706
0.0488845
0.126815
0.551118
0.652332
0.141376
0.805861
0.981411
0.31582
0.185282
0.0139191
0.640656
0.159013
0.0648446
0.609911
0.96577
0.00277707
0.332394
0.0748057
0.56391
0.596968
0.0387735
0.79516
0.47644
0.663645
0.867017
0.266047
0.137264
0.421754
0.778227
0.677872
0.80246
0.827111
0.804688
0.353578
0.479443
0.946063
0.159439
0.460854
0.261883
0.344721
0.474773
0.902538
0.503734
0.539618
0.51245
0.469504
0.542395
0.844844
0.544309
0.106305
0.441811
0.583083
0.901465
0.918252
0.246728
0.768482
0.184299
0.383991
0.190236
0.962526
0.0618637
0.992696
0.789637
0.866551
0.346274
0.269081
0.812615
0.505712
0.729935
0.0744974
0.850433
0.204708
0.977036
0.354167
0.744325
0.489486
0.823671
0.28672
0.334329
0.367981
0.393025
0.776141
0.951064
0.294491
0.694393
0.197791
0.0629734
0.878692
0.581782
0.25321
0.841218
0.643646
0.245906
0.630855
0.510197
0.59218
0.899936
0.322812
0.0978919
0.62987
0.397309
0.948325
0.834578
0.374345
0.302493
0.578904
0.863831
0.126164
0.865624
0.19816
0.494145
0.258649
0.974301
0.445208
0.55314
0.668694
0.642999
0.616114
0.547386
0.224782
0.869323
0.388603
0.868428
0.115229
0.0194582
0.378625
0.707409
0.919394
0.701437
0.8053
0.549264
0.0987467
0.753626
0.383843
0.473092
0.0561182
0.962746
0.336923
0.182282
0.82837
0.535083
0.676427
0.0870199
0.509384
0.121635
0.64016
0.178078
0.764634
0.256274
0.725463
0.989416
0.125597
0.114067
0.857844
0.240826
0.133525
0.236469
0.948235
0.0529187
0.937906
0.753535
0.602183
0.036653
0.507161
0.986026
0.509745
0.563279
0.948772
0.846668
0.745561
0.777143
0.381751
0.421987
0.864163
0.891135
0.543622
0.504323
0.0692124
0.308256
0.760597
0.794676
0.297672
0.886194
0.908742
0.155516
0.12702
0.042267
0.391985
0.0752545
0.0951857
0.329891
0.82879
0.697369
0.366544
0.33595
0.683395
0.876289
0.899229
0.632167
0.722957
0.64479
0.40931
0.104707
0.0667775
0.273473
0.995842
0.6104
0.777795
0.065054
0.918656
0.538392
0.85973
0.216328
0.424586
0.768472
0.371843
0.551606
0.810739
0.763828
0.626861
0.905925
0.0937191
0.45565
0.603294
0.460263
0.7916
0.286688
0.336552
0.690829
0.918855
0.0595086
0.33562
0.328165
0.164216
0.402397
0.601638
0.160057
0.0127967
0.379433
0.225111
0.931453
0.917825
0.0848411
0.147781
0.342412
0.853313
0.519624
0.894018
0.664052
0.283452
0.520878
0.569977
0.377171
0.976528
0.17327
0.837434
0.768129
0.459959
0.173986
0.458958
0.378814
0.233495
0.794578
0.706979
0.397711
0.196975
0.308617
0.557768
0.209771
0.68805
0.782879
0.141224
0.605876
0.867721
0.289004
0.948288
0.721034
0.808629
0.842305
0.385086
0.0920807
0.363183
0.955063
0.469252
0.339711
0.128333
0.306686
0.10784
0.588292
0.480673
0.566798
0.967106
0.714168
0.361375
0.674085
0.111878
0.55835
0.982702
0.669646
0.768121
0.670753
0.452526
0.909345
0.276629
0.320246
0.19835
0.224916
0.0412799
0.00697808
0.0672214
0.426366
0.0990588
0.430405
0.381428
0.568311
0.770116
0.509761
0.874997
0.877956
0.0980533
0.35567
0.444753
0.0651593
0.0698375
0.806129
0.739245
0.181716
0.364479
0.721947
0.851362
0.1326
0.3927
0.303888
0.0419448
0.669329
0.624134
0.240294
0.894245
0.665414
0.247272
0.961466
0.09178
0.346331
0.391871
0.473208
0.914642
0.161987
0.98297
0.789639
0.0399423
0.0810232
0.145309
0.484696
0.146183
0.215146
0.290824
0.885427
0.396862
0.655303
0.607374
0.248224
0.787903
7.38716e-05
0.552112
0.829848
0.669403
0.176247
0.0701418
0.563648
0.841661
0.317414
0.525114
0.933441
0.663745
0.916985
0.406649
0.578387
0.0789716
0.389619
0.368026
0.118914
0.470643
0.513335
0.60361
0.616825
0.728481
0.894434
0.502252
0.125343
0.549737
0.109626
0.373567
0.33764
0.1097
0.925679
0.167487
0.779103
0.101926
0.237629
0.34275
0.943587
0.555043
0.867864
0.877028
0.218789
0.784849
0.283678
0.797176
0.863821
0.673297
0.165202
0.982734
0.143939
0.678537
0.586344
0.760764
0.407018
0.480778
0.263016
0.532361
0.0305152
0.372643
0.905928
0.368155
0.482343
0.831608
0.535642
0.261445
0.933534
0.773272
0.604195
0.877121
0.328315
0.472059
0.754149
0.547104
0.256908
0.0378267
0.34428
0.120729
0.711123
0.509482
0.103463
0.855063
0.188019
0.689807
0.615827
0.595037
0.170586
0.878844
0.127398
0.201101
0.251486
0.0333266
0.569256
0.733829
0.864934
0.104898
0.995274
0.798468
0.87817
0.599469
0.675589
0.206485
0.0715286
0.429738
0.753588
0.328437
0.467565
0.0978681
0.449166
0.178689
0.60735
0.552629
0.0337514
0.795369
0.242436
0.649579
0.390407
0.413022
0.528422
0.517805
0.614123
0.779909
0.551131
0.183378
0.513738
0.416066
0.288277
0.509012
0.214534
0.166446
0.108481
0.890123
0.372931
0.18001
0.319862
0.126519
0.508446
0.787427
0.224387
0.957612
0.966115
0.831738
0.510241
0.999867
0.627107
0.752678
0.649445
0.0175135
0.1657
0.177868
0.535318
0.779822
0.957777
0.0864497
0.963201
0.471514
0.502515
0.251477
0.980526
0.717049
0.417924
0.089007
0.607173
0.790855
0.269016
0.927034
0.917374
0.777463
0.714461
0.141761
0.735075
0.680577
0.973499
0.245316
0.680443
0.600606
0.997994
0.329889
0.618119
0.163693
0.507757
0.153438
0.943516
0.465533
0.239887
0.906717
0.937048
0.742403
0.158194
0.917574
0.459452
0.576118
0.00658059
0.066625
0.366972
0.275597
0.993659
0.284346
0.0530599
0.708121
0.426108
0.788135
0.388697
0.399607
0.0334511
0.0691404
0.000212941
0.031445
0.399029
0.618332
0.195138
0.906786
0.77177
0.138654
0.372319
0.0116577
0.0453708
0.309367
0.754061
0.203565
0.22694
0.213513
0.779682
0.233521
0.280138
0.146655
0.509118
0.273797
0.431001
0.562178
0.981918
0.857109
0.350313
0.370615
0.256716
0.383764
0.439755
0.256929
0.415209
0.838784
0.875261
0.610348
0.74557
0.647031
0.749002
0.117889
0.658689
0.794373
0.427256
0.41275
0.997937
0.654197
0.626263
0.77762
0.887718
0.9064
0.924275
0.396836
0.180198
0.355276
0.959014
0.162116
0.212385
0.309327
0.53273
0.469101
0.693091
0.972486
0.72603
0.1083
0.81127
0.601291
0.718647
0.55684
0.248322
0.467649
0.674729
0.907011
0.262022
0.101986
0.319761
0.259959
0.756182
0.946024
0.0375793
0.6439
0.852424
0.961854
0.0407353
0.0326218
0.31713
0.999749
0.194737
0.529515
0.309076
0.727468
0.998616
0.00216624
0.699953
0.724645
0.110466
0.511223
0.325936
0.829113
0.0680634
0.574258
0.296762
0.742793
0.48127
0.558784
0.844778
0.801031
0.818744
0.60096
0.747054
0.856323
0.24486
0.599478
0.818177
0.285595
0.6321
0.135307
0.285344
0.826838
0.664822
0.59442
0.554305
0.663437
0.596586
0.254259
0.388082
0.707052
0.765482
0.714018
0.536165
0.833545
0.288277
0.832928
0.576338
0.769546
0.391712
0.421116
0.570577
0.210456
0.0220769
0.317631
0.0667789
0.266937
0.917109
0.884956
0.552532
0.54921
0.0202629
0.837877
0.376047
0.685085
0.432296
0.930353
0.348522
0.0288824
0.184611
0.736604
0.735934
0.950093
0.450623
0.2721
0.783639
0.738899
0.105028
0.359977
0.508446
0.49674
0.781093
0.0790226
0.707196
0.80317
0.396654
0.773975
0.0701071
0.313763
0.658931
0.622639
0.862973
0.679194
0.460516
0.23902
0.364278
0.892812
0.169373
0.7128
0.921695
0.353984
0.449404
0.657629
0.304077
0.900027
0.929729
0.0877159
0.638927
0.0347565
0.447693
0.147372
0.531496
0.228786
0.226395
0.238692
0.0319563
0.623049
0.0126672
0.102063
0.936812
0.671598
0.724703
0.799785
0.350792
0.185219
0.038805
0.71507
0.0780308
0.208178
0.42787
0.999725
0.562162
0.877274
0.657354
0.866239
0.777302
0.587083
0.953955
0.416228
0.62184
0.401648
0.563601
0.153336
0.630434
0.789995
0.392028
0.66239
0.413044
0.404696
0.764453
0.349856
0.0762935
0.489156
0.149641
0.427085
0.674375
0.188446
0.142155
0.752406
0.396624
0.570025
0.752131
0.958786
0.447299
0.409485
0.825024
0.224601
0.996568
0.778979
0.640829
0.618408
0.180627
0.204429
0.771744
0.811061
0.994425
0.163772
0.473451
0.407469
0.568468
0.237905
0.757325
0.644761
0.727061
0.906966
0.0718464
0.401436
0.0954122
0.214001
0.153841
0.492036
0.784026
0.905972
0.450822
0.231325
0.315457
0.275846
0.455926
0.312026
0.0548255
0.0967546
0.930433
0.235453
0.301184
0.702177
0.0465136
0.295609
0.86595
0.519965
0.703078
0.434418
0.757869
0.460403
0.079179
0.48493
0.367369
0.151025
0.886365
0.462781
0.365026
0.0402066
0.954817
0.149052
0.946179
0.405639
0.380377
0.261636
0.681485
0.836303
0.573661
0.736311
0.933058
0.504095
0.971763
0.234242
0.206272
0.0182768
0.52985
0.0722219
0.538241
0.232928
0.50664
0.29611
0.693331
0.585818
0.78104
0.0607003
0.736844
0.667406
0.523482
0.10187
0.707612
0.478299
0.250923
0.653791
0.883938
0.6313
0.915427
0.565423
0.467603
0.489088
0.301734
0.400661
0.993183
0.273497
0.634902
0.199455
0.291774
0.164752
0.271677
0.830015
0.397681
0.778317
0.126125
0.0910119
0.364135
0.907166
0.151712
0.100979
0.574571
0.675194
0.202849
0.282184
0.153493
0.453772
0.935974
0.0374308
0.0850719
0.851401
0.602854
0.552675
0.340489
0.904588
0.953335
0.333672
0.178084
0.588237
0.533127
0.469858
0.75299
0.804804
0.299873
0.150671
0.583121
0.425999
0.241682
0.947256
0.333164
0.393395
0.0482349
0.907736
0.0685883
0.251084
0.189919
0.222081
0.704856
0.125894
0.259512
0.789928
0.977295
0.862366
0.342603
0.317784
0.766953
0.295938
0.651457
0.945038
0.884176
0.184584
0.414896
0.637165
0.989388
0.714769
0.787836
0.572509
0.140768
0.0295186
0.519765
0.473932
0.422913
0.568
0.381668
0.491502
0.819084
0.571587
0.713583
0.52394
0.697481
0.973095
0.313868
0.674776
0.83546
0.656471
0.99256
0.602414
0.952409
0.644017
0.547451
0.836585
0.828601
0.962347
0.47375
0.817989
0.677117
0.261587
0.390499
0.817885
0.291105
0.910264
0.291817
0.714018
0.478265
0.673485
0.20552
0.297349
0.245072
0.919102
0.82129
0.942553
0.892197
0.135158
0.617329
0.727657
0.791629
0.60989
0.330071
0.744039
0.253907
0.877522
0.580624
0.0825076
0.83987
0.054374
0.900497
0.516986
0.315961
0.290996
0.334871
0.607066
0.20126
0.626688
0.321084
0.679525
0.300172
0.526604
0.976874
0.545244
0.445706
0.798164
0.487797
0.337903
0.933322
0.105127
0.0655603
0.724951
0.715016
0.395631
0.468989
0.968923
0.273153
0.049613
0.0514304
0.113023
0.103987
0.951927
0.630009
0.419948
0.242923
0.96488
0.0270132
0.444184
0.591568
0.348097
0.123709
0.89174
0.874701
0.100583
0.436984
0.320407
0.898747
0.924782
0.65831
0.832069
0.0299084
0.72387
0.557019
0.744925
0.119501
0.026009
0.713847
0.392655
0.075622
0.765278
0.505678
0.179609
0.717205
0.135687
0.599557
0.960129
0.100567
0.62657
0.404312
0.692135
0.974667
0.528021
0.583875
0.849368
0.628604
0.0208592
0.169775
0.527351
0.945641
0.828085
0.35942
0.975549
0.551956
0.916439
0.720474
0.671457
0.942448
0.434321
0.0641118
0.01807
0.199599
0.56979
0.197679
0.916804
0.705477
0.797236
0.876933
0.806044
0.423805
0.281245
0.498179
0.398472
