500
0.592861
0.982074
0.616496
0.975447
0.708968
0.919339
0.0814364
0.610825
0.794962
0.665436
0.688692
0.109511
0.272177
0.32447
0.917777
0.676631
0.18404
0.261379
0.60607
0.782398
0.754007
0.14478
0.95522
0.0177114
0.755421
0.83996
0.188914
0.326063
0.625686
0.671971
0.340947
0.218547
0.654045
0.957443
0.193994
0.363012
0.876782
0.275431
0.973837
0.671744
0.940867
0.662529
0.781255
0.213044
0.986999
0.699032
0.889676
0.171039
0.960411
0.495745
0.953437
0.714418
0.640525
0.908657
0.732129
0.395946
0.748617
0.921044
0.722009
0.374304
0.593014
0.0629563
0.592851
0.247059
0.0203992
0.786845
0.610071
0.897181
0.0622762
0.583909
0.568925
0.00314349
0.246437
0.35018
0.216188
0.233436
0.0492124
0.105863
0.404475
0.0096232
0.601608
0.357912
0.724041
0.242133
0.26657
0.45617
0.63808
0.0151869
0.377214
0.360089
0.38949
0.970228
0.423045
0.982341
0.217287
0.443445
0.769187
0.827359
0.340626
0.831463
0.411267
0.909551
0.834606
0.657705
0.259731
0.0507941
0.891141
0.308944
0.156657
0.295616
0.318567
0.758266
0.653529
0.0426081
0.000399274
0.920098
0.498778
0.638479
0.935285
0.875992
0.998568
0.324776
0.84622
0.421613
0.307117
0.0635075
0.865058
0.0763037
0.890866
0.205684
0.907767
0.302134
0.115235
0.742373
0.959838
0.374966
0.793167
0.85098
0.68391
0.949824
0.146596
0.00247717
0.70809
0.800125
0.0450853
0.70849
0.720223
0.543864
0.346969
0.655508
0.419856
0.345537
0.980284
0.266076
0.76715
0.287401
0.329583
0.632208
0.363705
0.22045
0.837892
0.271471
0.522583
0.953127
0.0138444
0.482422
0.328093
0.807012
0.333401
0.0120031
0.756836
0.479998
0.0144803
0.464926
0.280122
0.0595656
0.173416
0.00034565
0.603429
0.520384
0.655854
0.0232847
0.865921
0.636138
0.28936
0.633071
0.923539
0.618944
0.265279
0.287244
0.839393
0.103171
0.558716
0.361976
0.056298
0.57256
0.844398
0.384391
0.379572
0.1778
0.396394
0.136407
0.657797
0.410874
0.601334
0.93792
0.47044
0.774749
0.938265
0.0738691
0.295134
0.594119
0.0971538
0.161055
0.230257
0.386514
0.794125
0.153797
0.00545806
0.0594046
0.441041
0.844851
0.162576
0.999756
0.206828
0.218874
0.572316
0.051226
0.603265
0.951888
0.229026
0.999659
0.0882955
0.886823
0.410533
0.689629
0.824742
0.880973
0.464378
0.763008
0.954843
0.759512
0.357127
0.0519963
0.920567
0.587384
0.438511
0.714692
0.741181
0.443969
0.774097
0.182222
0.28882
0.936673
0.181978
0.495648
0.155546
0.754295
0.546874
0.758811
0.706183
0.7759
0.75847
0.794478
0.662722
0.169004
0.484107
0.487465
0.049977
0.948486
0.250472
0.00481948
0.707998
0.607599
0.0568158
0.628565
0.194983
0.495326
0.343257
0.936164
0.939295
0.117354
0.118386
0.228115
0.0540262
0.300365
0.723763
0.209573
0.0546596
0.270637
0.968384
0.760842
0.0465362
0.726854
0.555321
0.709258
0.895857
0.0394283
0.196723
0.945834
0.987914
0.447195
0.950654
0.695912
0.0547941
0.00746968
0.324477
0.249777
0.502796
0.667734
0.185942
0.442091
0.785088
0.304328
0.670206
0.839114
0.604693
0.393969
0.0486863
0.659353
0.664605
0.0170701
0.420195
0.711141
0.743924
0.975516
0.4204
0.639781
0.0149441
0.617123
0.585616
0.00285841
0.0643179
0.53627
0.698771
0.119112
0.543739
0.0232479
0.368889
0.0465354
0.690982
0.554831
0.488626
0.476069
0.859159
0.158832
0.315183
0.463852
0.552801
0.363869
0.123205
0.217406
0.38094
0.5434
0.928547
0.124863
0.518916
0.348947
0.764645
0.53386
0.96607
0.350261
0.536718
0.030388
0.886531
0.235489
0.1495
0.43027
0.258737
0.518389
0.476805
0.949719
0.0732208
0.965432
0.425788
0.93238
0.124264
0.740971
0.396233
0.677064
0.104841
0.519438
0.89447
0.48578
0.0628374
0.823018
0.610644
0.581753
0.171965
0.375289
0.115613
0.138035
0.725549
0.652331
0.168423
0.61208
0.88782
0.317923
0.04235
0.146557
0.836312
0.519155
0.0962761
0.909533
0.484587
0.522064
0.841913
0.608851
0.263035
0.238146
0.285916
0.367876
0.757584
0.180386
0.853656
0.820421
0.00340363
0.4643
0.402174
0.175369
0.839589
0.517787
0.313404
0.565138
0.170118
0.481826
0.177218
0.0579389
0.799749
0.219568
0.204496
0.636062
0.738724
0.300772
0.545595
0.223311
0.822836
0.387508
0.832162
0.0858719
0.625654
0.118078
0.453748
0.383238
0.298464
0.307404
0.203659
0.301867
0.771705
0.605833
0.477236
0.611293
0.12362
0.790639
0.176432
0.293739
0.272466
0.35365
0.351678
0.0722151
0.573218
0.556174
0.708277
0.311942
0.856946
0.253872
0.535253
0.679782
0.64138
0.367415
0.765654
0.267035
0.485493
0.219402
0.650272
0.783956
0.526807
0.853931
0.0858234
0.298511
0.459764
0.563059
0.909805
0.583385
0.353698
0.0862366
0.877123
0.626164
0.439887
0.228801
0.698379
0.0131049
0.784975
0.406656
0.325047
0.641921
0.660528
0.8603
0.321703
0.301908
